0 0.274375 0.910156 0.271875 0.996094 0.28625 0.996094 0.285625 0.910156
0 0.094375 0.808594 0.09125 0.910156 0.116875 0.945312 0.113125 0.8125
0 0.1525 0.792969 0.153125 0.878906 0.163125 0.878906 0.166875 0.796875
0 0.22 0.757812 0.22 0.890625 0.2325 0.890625 0.235625 0.761719
0 0.26 0.71875 0.248125 0.734375 0.249375 0.800781 0.254375 0.808594 0.25875 0.796875
0 0.17875 0.574219 0.181875 0.746094 0.186875 0.765625 0.200625 0.765625 0.20375 0.722656 0.19625 0.574219
0 0.260625 0.589844 0.254375 0.503906 0.233125 0.527344 0.23375 0.59375 0.25 0.609375
0 0.154375 0.453125 0.16125 0.632812 0.1725 0.636719 0.17 0.445312
0 0.21125 0.425781 0.211875 0.542969 0.22125 0.550781 0.221875 0.425781
0 0.274375 0.21875 0.27625 0.382812 0.288125 0.382812 0.285625 0.21875
