2 0.499375 0.890625 0.501875 0.996094 0.514375 0.996094 0.511875 0.886719
2 0.78875 0.640625 0.79125 0.976562 0.80125 0.972656 0.798125 0.640625
2 0.570625 0.640625 0.554375 0.636719 0.548125 0.800781 0.544375 0.796875 0.543125 0.679688 0.528125 0.671875 0.525 0.753906 0.520625 0.757812 0.520625 0.996094 0.570625 0.996094
2 0.605 0.65625 0.605625 0.996094 0.691875 0.996094 0.69125 0.789062 0.678125 0.683594 0.638125 0.632812
2 0.0875 0.5 0.0725 0.5 0.068125 0.910156 0.05625 0.953125 0.03625 0.847656 0.034375 0.691406 0.020625 0.679688 0.019375 0.859375 0.008125 0.886719 0.000625 0.996094 0.09125 0.996094
2 0.690625 0.25 0.69625 0.960938 0.699375 0.996094 0.705 0.984375 0.703125 0.25
2 0.113125 0.054688 0.115 0.183594 0.13 0.195312 0.1275 0.058594
2 0.84625 0.011719 0.84125 0.929688 0.86 0.847656 0.861875 0.996094 0.878125 0.996094 0.885 0.015625
2 0.801875 0.011719 0.804375 0.996094 0.81625 0.996094 0.815 0.011719
2 0.954375 0.003906 0.94 0.015625 0.9375 0.707031 0.9425 0.714844 0.918125 0.800781 0.9175 0.996094 0.9475 0.996094 0.943125 0.71875
