2 0.474375 0.8125 0.475 0.957031 0.495625 0.960938 0.49125 0.820312
2 0.534375 0.800781 0.520625 0.804688 0.52 0.898438 0.531875 0.898438
2 0.41625 0.789062 0.4125 0.949219 0.446875 0.953125 0.448125 0.902344 0.439375 0.832031
2 0.420625 0.589844 0.42125 0.757812 0.438125 0.742188 0.4375 0.589844
2 0.7475 0.28125 0.7425 0.589844 0.771875 0.578125 0.78125 0.289062
2 0.7225 0.214844 0.724375 0.492188 0.74 0.484375 0.740625 0.222656
2 0.66125 0.210938 0.61375 0.265625 0.613125 0.703125 0.65375 0.667969
2 0.2725 0.207031 0.263125 0.207031 0.265 0.476562 0.275625 0.464844
2 0.075 0.15625 0.078125 0.535156 0.090625 0.5 0.08375 0.160156
2 0.069375 0.152344 0.056875 0.160156 0.055625 0.679688 0.06875 0.652344
2 0.998125 0.074219 0.91625 0.175781 0.92 0.574219 0.935625 0.585938 0.9425 0.554688 0.95 0.640625 0.960625 0.640625 0.965625 0.472656 0.98375 0.527344 0.984375 0.625 0.998125 0.621094
2 0.875625 0.003906 0.874375 0.179688 0.905625 0.1875 0.914375 0.132812 0.9275 0.144531 0.930625 0.003906
2 0.785625 0.003906 0.78625 0.289062 0.776875 0.570312 0.816875 0.574219 0.83 0.671875 0.875625 0.617188 0.885 0.269531 0.869375 0.285156 0.85875 0.171875 0.8575 0.007812
2 0.481875 0.21875 0.47875 0.371094 0.51 0.398438 0.51875 0.566406 0.578125 0.566406 0.57625 0.3125 0.545 0.253906 0.53875 0.011719 0.52625 0.003906 0.519375 0.207031
2 0.368125 0.003906 0.368125 0.160156 0.391875 0.339844 0.4025 0.492188 0.425 0.554688 0.43375 0.484375 0.438125 0.53125 0.46125 0.523438 0.47375 0.375 0.47125 0.199219 0.476875 0.003906
2 0.28125 0.003906 0.280625 0.457031 0.29875 0.523438 0.335 0.511719 0.3375 0.996094 0.3475 0.996094 0.345625 0.003906
2 0.008125 0.003906 0.0 0.148438 0.0 0.527344 0.01125 0.542969 0.0375 0.515625 0.0475 0.445312 0.054375 0.015625
