0 0.324375 0.847656 0.320625 0.875 0.320625 0.925781 0.3225 0.953125 0.328125 0.964844 0.33125 0.9375 0.3325 0.960938 0.338125 0.996094 0.34375 0.996094 0.34125 0.890625 0.3375 0.851562 0.330625 0.855469
0 0.165 0.84375 0.16 0.863281 0.158125 0.917969 0.15875 0.957031 0.165625 0.957031 0.1675 0.929688 0.16875 0.878906
0 0.3625 0.785156 0.359375 0.902344 0.346875 0.921875 0.35125 0.996094 0.363125 0.996094 0.37 0.953125 0.37 0.894531 0.36625 0.796875
0 0.283125 0.769531 0.281875 0.773438 0.276875 0.835938 0.278125 0.871094 0.2825 0.917969 0.290625 0.871094 0.29125 0.855469 0.28875 0.789062
0 0.314375 0.765625 0.315 0.84375 0.32375 0.820312 0.325625 0.765625
0 0.396875 0.710938 0.39375 0.746094 0.398125 0.921875 0.399375 0.949219 0.405 0.941406 0.403125 0.804688 0.4 0.730469
0 0.27625 0.625 0.27125 0.625 0.26875 0.644531 0.268125 0.714844 0.26625 0.71875 0.263125 0.769531 0.263125 0.878906 0.27125 0.882812 0.27375 0.878906 0.276875 0.773438 0.280625 0.722656 0.280625 0.675781
0 0.40625 0.503906 0.4 0.53125 0.404375 0.71875 0.408125 0.722656 0.40875 0.652344 0.41125 0.597656
0 0.393125 0.433594 0.3875 0.441406 0.383125 0.476562 0.383125 0.546875 0.385 0.597656 0.38875 0.640625 0.391875 0.652344 0.3975 0.570312 0.3975 0.453125
0 0.170625 0.105469 0.166875 0.128906 0.165 0.167969 0.170625 0.25 0.173125 0.261719 0.176875 0.230469 0.173125 0.132812
0 0.270625 0.082031 0.2675 0.097656 0.265625 0.15625 0.274375 0.199219 0.275625 0.1875 0.275625 0.171875 0.27625 0.167969 0.275625 0.105469
0 0.189375 0.03125 0.184375 0.046875 0.185 0.105469 0.191875 0.160156 0.19375 0.167969 0.196875 0.15625 0.196875 0.085938
0 0.16875 0.003906 0.1675 0.019531 0.16625 0.0625 0.17 0.089844 0.175625 0.089844 0.176875 0.046875 0.178125 0.027344 0.178125 0.011719
