0 0.839375 0.835938 0.8225 0.863281 0.823125 0.910156 0.8225 0.902344 0.80875 0.90625 0.81 0.996094 0.826875 0.996094 0.825625 0.949219 0.840625 0.949219
0 0.7875 0.800781 0.785 0.917969 0.794375 0.914062 0.793125 0.996094 0.804375 0.996094 0.8075 0.90625 0.796875 0.90625 0.799375 0.804688
0 0.28 0.773438 0.265 0.785156 0.268125 0.878906 0.28375 0.859375 0.283125 0.800781
0 0.546875 0.566406 0.548125 0.652344 0.56 0.660156 0.559375 0.570312
0 0.785 0.519531 0.77375 0.519531 0.77375 0.746094 0.785 0.71875
0 0.164375 0.488281 0.1625 0.601562 0.173125 0.601562 0.1725 0.488281
0 0.323125 0.457031 0.32 0.609375 0.32875 0.617188 0.33 0.464844
0 0.716875 0.257812 0.715 0.359375 0.728125 0.371094 0.728125 0.261719
0 0.311875 0.003906 0.2975 0.011719 0.29875 0.113281 0.294375 0.117188 0.286875 0.160156 0.284375 0.253906 0.2925 0.273438 0.301875 0.273438 0.30625 0.210938 0.314375 0.148438
0 0.128125 0.003906 0.125625 0.132812 0.138125 0.128906 0.138125 0.003906
0 0.10625 0.003906 0.094375 0.015625 0.09875 0.214844 0.113125 0.199219
