2 0.1175 0.6875 0.11625 0.691406 0.11625 0.988281 0.12 0.988281
2 0.0275 0.332031 0.0275 0.394531 0.02875 0.394531 0.02875 0.355469 0.029375 0.351562 0.029375 0.332031
2 0.114375 0.25 0.11375 0.492188 0.116875 0.492188 0.1175 0.25
2 0.023125 0.195312 0.02 0.199219 0.02 0.289062 0.018125 0.304688 0.018125 0.339844 0.02 0.359375 0.018125 0.394531 0.01875 0.402344 0.025 0.398438 0.02625 0.273438 0.02375 0.257812
2 0.076875 0.152344 0.07875 0.429688 0.081875 0.425781 0.079375 0.152344
2 0.064375 0.148438 0.065 0.445312 0.0675 0.445312 0.0675 0.25 0.07 0.148438
2 0.043125 0.152344 0.045625 0.535156 0.049375 0.535156 0.048125 0.367188 0.05 0.328125 0.0475 0.261719 0.0475 0.148438
2 0.1275 0.144531 0.129375 0.441406 0.13125 0.433594 0.130625 0.148438
2 0.083125 0.144531 0.0825 0.28125 0.084375 0.277344 0.084375 0.214844 0.085 0.210938 0.085 0.148438
2 0.59125 0.125 0.59 0.125 0.58875 0.277344 0.59125 0.273438
2 0.105625 0.117188 0.10625 0.578125 0.110625 0.574219 0.1125 0.535156 0.113125 0.167969 0.10875 0.160156 0.108125 0.117188
2 0.098125 0.113281 0.0925 0.160156 0.0925 0.3125 0.095 0.453125 0.09875 0.492188 0.096875 0.300781 0.100625 0.277344
2 0.59375 0.011719 0.593125 0.308594 0.595625 0.308594 0.596875 0.011719
2 0.418125 0.011719 0.42 0.148438 0.42625 0.152344 0.42625 0.011719
2 0.263125 0.003906 0.259375 0.007812 0.2575 0.996094 0.265 0.996094
3 0.341875 0.652344 0.34375 0.988281 0.359375 0.996094 0.370625 0.949219 0.383125 0.976562 0.396875 0.953125 0.403125 0.886719 0.39375 0.773438 0.353125 0.726562
3 0.388125 0.03125 0.384375 0.003906 0.37625 0.003906 0.35625 0.042969 0.3475 0.039062 0.339375 0.074219 0.3375 0.105469 0.341875 0.167969 0.34875 0.164062 0.365 0.113281 0.3725 0.125 0.3775 0.09375 0.388125 0.09375
