0 0.313125 0.855469 0.31 0.917969 0.33375 0.933594 0.3325 0.855469
0 0.38375 0.773438 0.373125 0.796875 0.376875 0.878906 0.384375 0.84375
0 0.25 0.59375 0.2475 0.660156 0.2575 0.660156 0.258125 0.59375
0 0.306875 0.511719 0.305 0.617188 0.32 0.613281 0.319375 0.511719
0 0.0725 0.476562 0.0725 0.601562 0.08625 0.601562 0.09 0.484375
0 0.266875 0.378906 0.255625 0.382812 0.25125 0.488281 0.268125 0.5
0 0.198125 0.242188 0.1975 0.363281 0.21 0.359375 0.208125 0.242188
0 0.24 0.136719 0.239375 0.308594 0.2575 0.320312 0.2575 0.136719
0 0.218125 0.0625 0.22 0.199219 0.23125 0.203125 0.231875 0.058594
0 0.278125 0.003906 0.265 0.011719 0.264375 0.132812 0.273125 0.136719
