0 0.294375 0.863281 0.294375 0.957031 0.310625 0.996094 0.31375 0.996094 0.314375 0.933594 0.31125 0.878906
0 0.2325 0.828125 0.22125 0.832031 0.219375 0.957031 0.231875 0.949219
0 0.20125 0.714844 0.188125 0.800781 0.195625 0.90625 0.208125 0.878906
0 0.291875 0.652344 0.28 0.648438 0.27875 0.777344 0.293125 0.746094
0 0.24875 0.632812 0.235625 0.660156 0.2325 0.800781 0.248125 0.8125
0 0.173125 0.570312 0.17 0.703125 0.184375 0.71875 0.186875 0.566406
0 0.15 0.464844 0.14625 0.539062 0.16125 0.554688 0.160625 0.464844
0 0.935625 0.425781 0.924375 0.449219 0.92875 0.566406 0.94375 0.535156
0 0.25375 0.40625 0.255 0.589844 0.265 0.589844 0.26625 0.410156
0 0.749375 0.316406 0.733125 0.339844 0.735625 0.46875 0.749375 0.46875
0 0.17625 0.257812 0.16375 0.347656 0.164375 0.464844 0.185625 0.390625
0 0.2375 0.207031 0.21875 0.226562 0.215625 0.367188 0.23 0.304688
0 0.075 0.121094 0.08375 0.265625 0.098125 0.261719 0.094375 0.121094
0 0.01875 0.011719 0.004375 0.019531 0.003125 0.078125 0.01125 0.09375
