2 0.793125 0.796875 0.785 0.828125 0.79 0.992188 0.7975 0.988281
2 0.82625 0.71875 0.81625 0.734375 0.8225 0.964844 0.831875 0.925781
2 0.785 0.433594 0.774375 0.460938 0.78375 0.6875 0.795 0.671875
2 0.155625 0.160156 0.145 0.132812 0.088125 0.167969 0.0 0.152344 0.0 0.230469 0.154375 0.234375
2 0.2375 0.175781 0.22875 0.128906 0.21 0.152344 0.165 0.160156 0.164375 0.21875 0.2375 0.203125
2 0.246875 0.125 0.245625 0.199219 0.29125 0.203125 0.29125 0.160156 0.285 0.128906
2 0.370625 0.109375 0.37375 0.167969 0.389375 0.171875 0.38875 0.113281
2 0.45875 0.167969 0.456875 0.070312 0.424375 0.09375 0.4025 0.074219 0.4075 0.164062 0.435 0.15625 0.440625 0.175781
2 0.721875 0.015625 0.743125 0.539062 0.755625 0.539062 0.741875 0.015625
2 0.46125 0.085938 0.464375 0.140625 0.67875 0.160156 0.684375 0.066406 0.656875 0.015625 0.608125 0.074219 0.538125 0.058594 0.5375 0.003906 0.470625 0.003906 0.4925 0.089844
