0 0.26 0.898438 0.248125 0.914062 0.24625 0.996094 0.261875 0.996094
0 0.59625 0.679688 0.5975 0.828125 0.611875 0.839844 0.60875 0.683594
0 0.91 0.664062 0.8975 0.679688 0.90125 0.800781 0.909375 0.796875
0 0.23625 0.640625 0.238125 0.761719 0.24875 0.761719 0.250625 0.644531
0 0.21375 0.640625 0.215625 0.796875 0.22625 0.789062 0.221875 0.640625
0 0.298125 0.539062 0.301875 0.675781 0.309375 0.679688 0.30625 0.53125
0 0.87625 0.445312 0.8675 0.46875 0.866875 0.554688 0.876875 0.554688
0 0.601875 0.226562 0.589375 0.230469 0.590625 0.367188 0.598125 0.367188
0 0.80875 0.214844 0.81125 0.308594 0.820625 0.304688 0.8175 0.214844
0 0.228125 0.09375 0.2275 0.183594 0.239375 0.183594 0.24 0.09375
0 0.246875 0.0 0.255 0.003906 0.253125 0.167969 0.27 0.160156 0.2725 0.023438 0.25625 0.003906 0.2625 0.0
