0 0.23125 0.734375 0.21625 0.75 0.22 0.929688 0.230625 0.917969
0 0.039375 0.578125 0.03125 0.585938 0.0275 0.867188 0.03625 0.867188
0 0.316875 0.496094 0.305 0.535156 0.30125 0.65625 0.3175 0.664062
0 0.91 0.207031 0.911875 0.289062 0.92375 0.285156 0.9225 0.207031
0 0.305 0.175781 0.299375 0.316406 0.31125 0.316406 0.314375 0.183594
0 0.283125 0.15625 0.2875 0.316406 0.2975 0.304688 0.299375 0.167969
0 0.898125 0.074219 0.884375 0.070312 0.884375 0.253906 0.89875 0.226562
0 0.075 0.046875 0.074375 0.203125 0.09375 0.21875 0.0975 0.054688
0 0.158125 0.03125 0.156875 0.21875 0.16875 0.207031 0.169375 0.03125
0 0.229375 0.023438 0.21375 0.027344 0.21 0.582031 0.22 0.578125
0 0.864375 0.003906 0.85125 0.007812 0.85375 0.082031 0.864375 0.066406
0 0.254375 0.003906 0.254375 0.132812 0.269375 0.152344 0.270625 0.003906
