2 0.95375 0.839844 0.923125 0.929688 0.9225 0.996094 0.925625 0.992188 0.955 0.882812
2 0.998125 0.8125 0.991875 0.792969 0.94875 0.976562 0.95125 0.996094 0.96875 0.996094 0.9975 0.90625
2 0.480625 0.355469 0.48375 0.996094 0.495 0.996094 0.49 0.363281
2 0.79 0.015625 0.791875 0.996094 0.801875 0.996094 0.803125 0.027344
2 0.1575 0.015625 0.163125 0.992188 0.1725 0.988281 0.17125 0.015625
2 0.73375 0.003906 0.74 0.828125 0.74375 0.871094 0.746875 0.867188 0.746875 0.003906
2 0.37375 0.003906 0.355625 0.015625 0.358125 0.996094 0.38 0.988281
2 0.265625 0.007812 0.271875 0.996094 0.283125 0.996094 0.278125 0.003906
2 0.62125 0.0 0.620625 0.996094 0.643125 0.996094 0.634375 0.039062 0.638125 0.0
2 0.38875 0.0 0.388125 0.996094 0.418125 0.996094 0.414375 0.003906 0.41875 0.0
2 0.30625 0.003906 0.311875 0.996094 0.333125 0.996094 0.33375 0.0
2 0.29 0.003906 0.294375 0.996094 0.300625 0.996094 0.30125 0.0
