0 0.2925 0.746094 0.29125 0.824219 0.30125 0.824219 0.305 0.746094
0 0.175625 0.703125 0.178125 0.800781 0.1875 0.796875 0.185625 0.699219
0 0.14875 0.695312 0.149375 0.835938 0.1625 0.84375 0.1625 0.703125
0 0.2225 0.65625 0.2125 0.660156 0.211875 0.78125 0.22375 0.777344
0 0.293125 0.636719 0.28125 0.636719 0.278125 0.761719 0.28875 0.753906
0 0.20875 0.628906 0.191875 0.625 0.194375 0.800781 0.203125 0.785156
0 0.225625 0.628906 0.226875 0.714844 0.234375 0.714844 0.245 0.699219 0.245 0.640625 0.230625 0.609375
0 0.725625 0.554688 0.74 0.769531 0.7425 0.765625 0.73875 0.5625
0 0.92875 0.242188 0.908125 0.289062 0.91125 0.378906 0.903125 0.472656 0.914375 0.605469 0.91875 0.90625 0.925625 0.878906 0.92625 0.675781 0.9375 0.527344
0 0.2325 0.234375 0.221875 0.246094 0.22625 0.464844 0.236875 0.457031
