2 0.924375 0.710938 0.919375 0.824219 0.92375 0.996094 0.944375 0.996094 0.93875 0.835938 0.93875 0.746094
2 0.590625 0.671875 0.589375 0.898438 0.59375 0.984375 0.6225 0.996094 0.616875 0.652344 0.610625 0.640625
2 0.51375 0.605469 0.50625 0.730469 0.509375 0.960938 0.516875 0.996094 0.5325 0.996094 0.528125 0.609375
2 0.284375 0.601562 0.27 0.609375 0.26625 0.785156 0.26875 0.996094 0.29 0.988281 0.295 0.8125 0.290625 0.679688
2 0.975625 0.589844 0.97 0.695312 0.97125 0.996094 0.990625 0.996094 0.988125 0.648438 0.983125 0.589844
2 0.4175 0.527344 0.405625 0.628906 0.405 0.824219 0.409375 0.996094 0.42625 0.996094 0.433125 0.910156 0.428125 0.539062
2 0.08625 0.527344 0.070625 0.542969 0.064375 0.738281 0.070625 0.996094 0.08375 0.996094 0.08875 0.605469
2 0.7375 0.425781 0.730625 0.585938 0.731875 0.894531 0.73625 0.996094 0.75 0.996094 0.75375 0.949219 0.7525 0.453125
2 0.71375 0.34375 0.718125 0.402344 0.774375 0.433594 0.809375 0.433594 0.821875 0.386719 0.808125 0.324219 0.72625 0.285156
2 0.695625 0.207031 0.675 0.222656 0.655 0.378906 0.671875 0.496094 0.686875 0.464844 0.696875 0.289062
2 0.2775 0.175781 0.283125 0.328125 0.3225 0.421875 0.371875 0.40625 0.410625 0.300781 0.380625 0.167969 0.32875 0.144531
2 0.128125 0.1875 0.138125 0.429688 0.15375 0.472656 0.26625 0.519531 0.27875 0.457031 0.2675 0.316406 0.23375 0.15625 0.15 0.121094
2 0.70125 0.132812 0.71375 0.21875 0.784375 0.28125 0.931875 0.300781 0.958125 0.230469 0.928125 0.101562 0.71125 0.0625
2 0.0 0.027344 0.0 0.144531 0.01625 0.191406 0.046875 0.253906 0.060625 0.175781 0.033125 0.078125
2 0.649375 0.046875 0.633125 0.011719 0.606875 0.046875 0.601875 0.15625 0.63375 0.195312 0.64875 0.105469
