0 0.59375 0.917969 0.595625 0.996094 0.61125 0.996094 0.60875 0.917969
0 0.408125 0.617188 0.39375 0.660156 0.395 0.789062 0.405625 0.777344
0 0.6 0.554688 0.6025 0.710938 0.615 0.71875 0.614375 0.546875
0 0.52875 0.519531 0.51125 0.527344 0.515 0.679688 0.528125 0.667969
0 0.12125 0.507812 0.126875 0.800781 0.14625 0.804688 0.135 0.492188
0 0.949375 0.445312 0.938125 0.453125 0.93875 0.5625 0.951875 0.558594
0 0.383125 0.363281 0.38375 0.507812 0.395625 0.507812 0.395625 0.367188
0 0.404375 0.3125 0.40375 0.398438 0.41875 0.457031 0.418125 0.355469 0.41625 0.320312
0 0.356875 0.289062 0.343125 0.320312 0.34375 0.488281 0.35375 0.449219
0 0.150625 0.222656 0.15 0.347656 0.16375 0.359375 0.163125 0.226562
0 0.105 0.105469 0.105 0.226562 0.115625 0.226562 0.115625 0.105469
0 0.0875 0.074219 0.0875 0.148438 0.1 0.136719 0.099375 0.074219
0 0.301875 0.011719 0.308125 0.207031 0.32 0.214844 0.313125 0.011719
