0 0.246875 0.839844 0.245 0.996094 0.268125 0.996094 0.264375 0.851562
0 0.213125 0.820312 0.211875 0.976562 0.23 0.976562 0.2275 0.816406
0 0.303125 0.738281 0.288125 0.75 0.284375 0.855469 0.300625 0.859375
0 0.229375 0.632812 0.235 0.804688 0.24875 0.800781 0.245 0.628906
0 0.836875 0.484375 0.82375 0.488281 0.824375 0.609375 0.83375 0.613281
0 0.916875 0.449219 0.899375 0.480469 0.899375 0.75 0.919375 0.703125
0 0.92375 0.230469 0.90625 0.230469 0.8975 0.445312 0.91875 0.4375
0 0.111875 0.132812 0.113125 0.289062 0.125 0.3125 0.1275 0.128906
0 0.090625 0.082031 0.09125 0.308594 0.100625 0.308594 0.1025 0.082031
0 0.275625 0.015625 0.264375 0.023438 0.265625 0.121094 0.274375 0.121094
0 0.835625 0.003906 0.81625 0.007812 0.816875 0.128906 0.834375 0.097656
