2 0.160625 0.691406 0.16 0.996094 0.168125 0.996094 0.166875 0.695312
2 0.295 0.660156 0.29875 0.980469 0.305625 0.980469 0.3025 0.65625
2 0.683125 0.390625 0.675 0.390625 0.673125 0.648438 0.675625 0.828125 0.686875 0.820312 0.68625 0.5625 0.6825 0.546875
2 0.925 0.21875 0.916875 0.21875 0.91875 0.222656 0.91875 0.558594 0.925 0.546875
2 0.64875 0.089844 0.650625 0.820312 0.655625 0.828125 0.658125 0.992188 0.66625 0.992188 0.66 0.089844
2 0.728125 0.007812 0.720625 0.011719 0.72 0.339844 0.71 0.324219 0.70875 0.503906 0.6925 0.550781 0.696875 0.675781 0.715625 0.609375 0.71875 0.351562 0.71875 0.671875 0.726875 0.675781
2 0.755 0.003906 0.7525 0.496094 0.765 0.496094 0.76875 0.003906
2 0.744375 0.003906 0.745 0.253906 0.7525 0.253906 0.753125 0.003906
2 0.16875 0.0 0.156875 0.003906 0.1575 0.5 0.16375 0.5 0.164375 0.003906
3 0.731875 0.449219 0.733125 0.660156 0.718125 0.746094 0.715625 0.832031 0.7325 0.886719 0.745625 0.8125 0.78 0.898438 0.79 0.851562 0.773125 0.804688 0.7825 0.78125 0.78875 0.707031 0.77 0.648438 0.79875 0.625 0.813125 0.574219 0.81375 0.519531 0.79625 0.46875 0.7775 0.53125
3 0.813125 0.238281 0.7875 0.261719 0.78125 0.296875 0.780625 0.339844 0.775625 0.386719 0.785 0.390625 0.794375 0.363281 0.810625 0.289062
3 0.690625 0.003906 0.688125 0.019531 0.693125 0.0625 0.69875 0.085938 0.703125 0.144531 0.71125 0.191406 0.716875 0.1875 0.7175 0.15625 0.71125 0.09375 0.71125 0.023438 0.69875 0.003906
