0 0.234375 0.800781 0.21875 0.816406 0.21375 0.996094 0.2325 0.996094 0.24 0.933594
0 0.288125 0.726562 0.286875 0.867188 0.295625 0.867188 0.295625 0.726562
0 0.1025 0.71875 0.1025 0.800781 0.113125 0.800781 0.111875 0.714844
0 0.280625 0.578125 0.266875 0.589844 0.270625 0.761719 0.280625 0.753906
0 0.169375 0.566406 0.1575 0.578125 0.155625 0.800781 0.1625 0.816406 0.169375 0.761719
0 0.099375 0.5625 0.094375 0.652344 0.104375 0.664062 0.10875 0.566406
0 0.220625 0.5 0.21 0.53125 0.208125 0.6875 0.220625 0.683594
0 0.225 0.460938 0.224375 0.609375 0.235625 0.609375 0.235625 0.460938
0 0.11375 0.328125 0.1175 0.511719 0.125625 0.515625 0.12375 0.328125
0 0.14625 0.289062 0.146875 0.429688 0.15875 0.4375 0.158125 0.289062
0 0.256875 0.269531 0.23875 0.289062 0.239375 0.453125 0.25 0.453125 0.260625 0.410156
0 0.11 0.210938 0.0975 0.214844 0.10125 0.527344 0.11375 0.5
0 0.040625 0.144531 0.040625 0.238281 0.049375 0.238281 0.050625 0.144531
0 0.206875 0.113281 0.195 0.121094 0.19625 0.269531 0.194375 0.238281 0.183125 0.238281 0.184375 0.371094 0.198125 0.398438 0.20125 0.367188 0.199375 0.332031 0.209375 0.328125
0 0.2375 0.105469 0.236875 0.21875 0.253125 0.210938 0.248125 0.101562
0 0.079375 0.0625 0.081875 0.207031 0.093125 0.183594 0.090625 0.0625
2 0.55125 0.726562 0.554375 0.867188 0.568125 0.867188 0.564375 0.722656
2 0.953125 0.707031 0.938125 0.71875 0.93375 0.8125 0.953125 0.8125
2 0.549375 0.59375 0.5375 0.617188 0.535 0.734375 0.54375 0.734375
2 0.65625 0.523438 0.6425 0.527344 0.645625 0.710938 0.656875 0.6875
2 0.959375 0.28125 0.95875 0.398438 0.975 0.40625 0.97625 0.28125
