0 0.85375 0.640625 0.84375 0.652344 0.841875 0.742188 0.855625 0.726562
0 0.79125 0.570312 0.7775 0.5625 0.770625 0.847656 0.781875 0.832031
0 0.335 0.460938 0.324375 0.464844 0.32125 0.554688 0.33375 0.546875
0 0.063125 0.421875 0.054375 0.429688 0.050625 0.503906 0.065 0.507812
0 0.231875 0.417969 0.2325 0.636719 0.23875 0.636719 0.238125 0.421875
0 0.768125 0.414062 0.773125 0.535156 0.793125 0.523438 0.7925 0.691406 0.80125 0.691406 0.80375 0.453125 0.79375 0.464844 0.793125 0.523438 0.786875 0.410156
0 0.840625 0.351562 0.8325 0.351562 0.83 0.488281 0.84125 0.472656
0 0.808125 0.285156 0.81625 0.390625 0.82625 0.402344 0.82375 0.285156
0 0.76375 0.230469 0.748125 0.242188 0.748125 0.390625 0.76625 0.34375
0 0.70375 0.1875 0.70375 0.339844 0.71875 0.347656 0.715 0.1875
0 0.731875 0.167969 0.73 0.265625 0.743125 0.28125 0.74375 0.167969
0 0.255625 0.054688 0.254375 0.214844 0.269375 0.222656 0.265625 0.058594
