2 0.6675 0.433594 0.656875 0.4375 0.656875 0.523438 0.6525 0.621094 0.656875 0.621094 0.66375 0.605469
2 0.62375 0.296875 0.620625 0.371094 0.6275 0.375 0.63125 0.5 0.639375 0.484375 0.63875 0.296875
2 0.62625 0.003906 0.626875 0.136719 0.634375 0.136719 0.64125 0.003906
2 0.384375 0.003906 0.38375 0.164062 0.39375 0.160156 0.3975 0.128906 0.39875 0.003906
2 0.515 0.003906 0.515625 0.273438 0.525625 0.378906 0.521875 0.878906 0.52875 0.996094 0.55375 0.996094 0.56 0.464844 0.55625 0.003906
3 0.153125 0.824219 0.14875 0.878906 0.1475 0.972656 0.15875 0.941406 0.16875 0.996094 0.18125 0.992188 0.186875 0.902344 0.181875 0.804688 0.165 0.800781
3 0.3025 0.597656 0.275625 0.667969 0.2675 0.730469 0.26625 0.777344 0.275 0.828125 0.274375 0.855469 0.285 0.886719 0.293125 0.957031 0.306875 0.972656 0.328125 0.898438 0.32625 0.855469 0.336875 0.820312 0.3375 0.792969 0.33 0.761719 0.325 0.691406 0.313125 0.613281
3 0.344375 0.441406 0.33625 0.457031 0.334375 0.515625 0.329375 0.53125 0.326875 0.558594 0.3275 0.625 0.325625 0.652344 0.331875 0.691406 0.34 0.71875 0.3525 0.648438 0.35375 0.507812 0.345625 0.507812
3 0.194375 0.472656 0.191875 0.445312 0.186875 0.429688 0.18125 0.453125 0.176875 0.4375 0.169375 0.445312 0.165 0.46875 0.169375 0.519531 0.175 0.542969 0.185 0.566406 0.189375 0.554688 0.191875 0.535156
3 0.295625 0.355469 0.2975 0.382812 0.30625 0.398438 0.30375 0.4375 0.306875 0.476562 0.316875 0.535156 0.330625 0.515625 0.334375 0.492188 0.334375 0.4375 0.3175 0.304688 0.30625 0.300781
3 0.37375 0.117188 0.354375 0.105469 0.350625 0.148438 0.353125 0.222656 0.359375 0.269531 0.365625 0.214844 0.375 0.210938 0.37125 0.195312 0.375 0.148438
3 0.2725 0.101562 0.27125 0.210938 0.2775 0.21875 0.293125 0.328125 0.306875 0.285156 0.345625 0.292969 0.343125 0.238281 0.32875 0.152344 0.320625 0.066406 0.31625 0.082031 0.29125 0.007812 0.295625 0.117188 0.28125 0.085938
