2 0.53375 0.351562 0.53375 0.996094 0.545625 0.996094 0.544375 0.347656
2 0.18875 0.191406 0.188125 0.996094 0.2 0.996094 0.1975 0.191406
2 0.746875 0.046875 0.745625 0.996094 0.754375 0.996094 0.756875 0.046875
2 0.394375 0.023438 0.394375 0.996094 0.404375 0.996094 0.405 0.023438
2 0.2875 0.011719 0.285 0.996094 0.296875 0.996094 0.29875 0.011719
2 0.725625 0.007812 0.715625 0.007812 0.71625 0.984375 0.72625 0.972656
2 0.621875 0.007812 0.620625 0.898438 0.631875 0.859375 0.63125 0.015625
2 0.87 0.003906 0.86375 0.144531 0.85875 0.140625 0.858125 0.730469 0.86625 0.722656 0.868125 0.25 0.8725 0.222656 0.875 0.039062
2 0.825 0.003906 0.815625 0.003906 0.8175 0.457031 0.825 0.445312
2 0.7775 0.003906 0.766875 0.003906 0.770625 0.96875 0.794375 0.902344 0.795625 0.53125 0.7875 0.523438 0.784375 0.324219 0.775625 0.320312
2 0.665625 0.003906 0.651875 0.003906 0.65375 0.71875 0.6625 0.613281
2 0.571875 0.0 0.57125 0.996094 0.59375 0.996094 0.605 0.949219 0.6025 0.007812
