0 0.309375 0.828125 0.305 0.953125 0.319375 0.953125 0.32375 0.828125
0 0.32875 0.640625 0.315625 0.648438 0.314375 0.738281 0.325625 0.746094
0 0.29875 0.609375 0.281875 0.617188 0.283125 0.714844 0.299375 0.695312
0 0.145625 0.546875 0.145625 0.679688 0.159375 0.683594 0.16 0.546875
0 0.100625 0.476562 0.09625 0.589844 0.11 0.601562 0.11 0.488281
0 0.306875 0.445312 0.294375 0.457031 0.295 0.585938 0.309375 0.566406
0 0.260625 0.441406 0.25875 0.589844 0.27375 0.570312 0.270625 0.441406
0 0.181875 0.3125 0.170625 0.316406 0.1675 0.398438 0.179375 0.398438
0 0.2725 0.242188 0.25375 0.25 0.2525 0.375 0.269375 0.382812
0 0.134375 0.183594 0.135 0.285156 0.145625 0.277344 0.144375 0.191406
0 0.08875 0.132812 0.079375 0.136719 0.076875 0.199219 0.08875 0.199219
0 0.18125 0.121094 0.17875 0.289062 0.191875 0.300781 0.194375 0.121094
