2 0.935625 0.792969 0.93875 0.996094 0.9475 0.996094 0.9475 0.792969
2 0.985625 0.761719 0.975 0.785156 0.97875 0.996094 0.988125 0.996094
2 0.986875 0.339844 0.978125 0.347656 0.975625 0.589844 0.985625 0.578125
2 0.3375 0.300781 0.34375 0.894531 0.35 0.875 0.3525 0.320312
2 0.93625 0.296875 0.938125 0.566406 0.949375 0.566406 0.949375 0.296875
2 0.2875 0.222656 0.288125 0.992188 0.295 0.992188 0.295 0.222656
2 0.083125 0.074219 0.07375 0.070312 0.0725 0.417969 0.08375 0.394531
2 0.8775 0.007812 0.88375 0.996094 0.895625 0.996094 0.898125 0.007812
2 0.51375 0.007812 0.501875 0.007812 0.504375 0.253906 0.511875 0.234375
2 0.228125 0.003906 0.218125 0.003906 0.22 0.734375 0.229375 0.710938
