2 0.915625 0.675781 0.908125 0.6875 0.9075 0.996094 0.920625 0.988281
2 0.5925 0.644531 0.589375 0.984375 0.605625 0.996094 0.608125 0.65625
2 0.715625 0.535156 0.715625 0.996094 0.7425 0.996094 0.740625 0.566406
2 0.625625 0.011719 0.6325 0.53125 0.655625 0.519531 0.640625 0.023438
2 0.87 0.003906 0.878125 0.601562 0.895 0.601562 0.884375 0.003906
2 0.759375 0.003906 0.7675 0.898438 0.781875 0.890625 0.79125 0.582031 0.7875 0.003906
2 0.663125 0.003906 0.67125 0.640625 0.69125 0.652344 0.684375 0.449219 0.701875 0.449219 0.695 0.003906
2 0.450625 0.003906 0.46625 0.632812 0.47625 0.632812 0.469375 0.003906
2 0.71625 0.0 0.73125 0.003906 0.74 0.519531 0.75875 0.511719 0.743125 0.0
2 0.50875 0.003906 0.51125 0.996094 0.551875 0.996094 0.545 0.003906 0.5525 0.0
2 0.39125 0.003906 0.40625 0.996094 0.4325 0.996094 0.420625 0.003906 0.433125 0.0
