2 0.908125 0.542969 0.91125 0.996094 0.925625 0.996094 0.92625 0.542969
2 0.321875 0.453125 0.330625 0.996094 0.345625 0.996094 0.3375 0.445312
2 0.143125 0.425781 0.15125 0.996094 0.163125 0.996094 0.16125 0.433594
2 0.669375 0.425781 0.678125 0.996094 0.698125 0.996094 0.685625 0.421875
2 0.04125 0.410156 0.045625 0.949219 0.06 0.941406 0.055625 0.433594
2 0.48375 0.390625 0.489375 0.996094 0.5075 0.996094 0.499375 0.382812
2 0.81875 0.167969 0.8325 0.996094 0.8575 0.996094 0.8475 0.15625
2 0.388125 0.117188 0.39125 0.371094 0.406875 0.359375 0.40375 0.117188
2 0.2575 0.113281 0.265625 0.390625 0.274375 0.394531 0.274375 0.105469
2 0.125625 0.070312 0.126875 0.355469 0.145625 0.367188 0.141875 0.066406
2 0.339375 0.054688 0.33625 0.300781 0.348125 0.300781 0.351875 0.054688
