0 0.173125 0.839844 0.16375 0.859375 0.16 0.996094 0.17125 0.996094
0 0.2275 0.671875 0.2275 0.746094 0.23 0.800781 0.24875 0.832031 0.251875 0.78125 0.246875 0.726562 0.241875 0.691406 0.234375 0.664062
0 0.400625 0.523438 0.39125 0.539062 0.391875 0.605469 0.395625 0.621094 0.40125 0.617188 0.4025 0.601562 0.4025 0.558594
0 0.353125 0.429688 0.354375 0.496094 0.363125 0.550781 0.36875 0.546875 0.365 0.445312 0.361875 0.402344
0 0.34375 0.34375 0.33875 0.351562 0.338125 0.429688 0.340625 0.445312 0.345 0.441406 0.3475 0.417969 0.34625 0.371094
0 0.205625 0.339844 0.20375 0.339844 0.20125 0.359375 0.200625 0.398438 0.2 0.402344 0.200625 0.449219 0.204375 0.460938 0.21 0.417969 0.209375 0.367188
0 0.2675 0.324219 0.255625 0.375 0.25 0.726562 0.289375 0.78125 0.2925 0.753906 0.29 0.605469 0.274375 0.644531 0.27125 0.59375 0.263125 0.625 0.260625 0.613281 0.264375 0.46875 0.273125 0.390625
0 0.376875 0.289062 0.370625 0.308594 0.37125 0.40625 0.375 0.417969 0.378125 0.417969 0.383125 0.34375
0 0.229375 0.148438 0.23 0.257812 0.23125 0.273438 0.239375 0.285156 0.240625 0.164062
0 0.213125 0.148438 0.20875 0.15625 0.206875 0.167969 0.205625 0.195312 0.205625 0.246094 0.21375 0.324219 0.216875 0.273438 0.214375 0.160156
0 0.320625 0.144531 0.316875 0.25 0.324375 0.304688 0.326875 0.179688
0 0.25375 0.09375 0.2475 0.128906 0.25 0.171875 0.250625 0.21875 0.255625 0.234375 0.26 0.234375 0.2625 0.203125 0.261875 0.144531 0.26 0.113281
0 0.1575 0.054688 0.15125 0.054688 0.1475 0.078125 0.146875 0.125 0.1525 0.179688 0.15625 0.167969 0.158125 0.144531 0.159375 0.101562
0 0.389375 0.019531 0.381875 0.03125 0.381875 0.097656 0.385 0.132812 0.389375 0.121094 0.390625 0.105469 0.390625 0.046875
