0 0.303125 0.765625 0.305625 0.914062 0.316875 0.90625 0.321875 0.777344
0 0.3275 0.761719 0.326875 0.894531 0.33875 0.898438 0.335625 0.984375 0.34875 0.984375 0.361875 0.925781 0.364375 0.789062
0 0.064375 0.746094 0.06125 0.816406 0.08 0.816406 0.08 0.753906
0 0.3775 0.648438 0.365625 0.667969 0.366875 0.824219 0.3775 0.816406
0 0.198125 0.625 0.19875 0.785156 0.214375 0.75 0.21625 0.636719
0 0.063125 0.273438 0.061875 0.421875 0.07375 0.421875 0.071875 0.277344
0 0.22375 0.160156 0.225 0.273438 0.23875 0.273438 0.2375 0.160156
0 0.298125 0.105469 0.3 0.304688 0.31625 0.28125 0.316875 0.121094
0 0.3525 0.003906 0.334375 0.015625 0.333125 0.113281 0.34625 0.113281
0 0.256875 0.082031 0.275 0.109375 0.28625 0.003906 0.256875 0.003906
