2 0.500625 0.707031 0.499375 0.964844 0.508125 0.964844 0.510625 0.707031
2 0.451875 0.703125 0.4375 0.707031 0.435625 0.925781 0.450625 0.921875
2 0.496875 0.691406 0.490625 0.695312 0.4875 0.90625 0.49625 0.90625
2 0.931875 0.367188 0.93375 0.414062 0.9425 0.414062 0.94125 0.363281
2 0.44125 0.222656 0.436875 0.421875 0.451875 0.421875 0.453125 0.238281
2 0.675 0.046875 0.665625 0.0625 0.66375 0.152344 0.6625 0.371094 0.67125 0.410156
2 0.598125 0.046875 0.596875 0.808594 0.605 0.808594 0.606875 0.046875
2 0.64125 0.011719 0.631875 0.019531 0.6275 0.3125 0.63875 0.316406
2 0.50125 0.011719 0.499375 0.59375 0.5075 0.585938 0.511875 0.019531
3 0.225625 0.355469 0.27125 0.394531 0.2925 0.324219 0.325625 0.324219 0.336875 0.207031 0.385625 0.261719 0.39375 0.171875 0.368125 0.117188 0.355 0.015625 0.309375 0.046875 0.28625 0.003906 0.280625 0.121094 0.305 0.144531 0.27375 0.25 0.28 0.183594 0.24625 0.082031 0.23125 0.132812 0.23875 0.230469
