0 0.226875 0.761719 0.216875 0.777344 0.216875 0.875 0.22875 0.878906
0 0.2325 0.707031 0.23375 0.9375 0.241875 0.996094 0.244375 0.996094 0.25 0.976562 0.25125 0.9375 0.24375 0.882812 0.249375 0.71875
0 0.210625 0.550781 0.21 0.6875 0.22625 0.6875 0.221875 0.550781
0 0.2025 0.269531 0.20875 0.4375 0.22 0.4375 0.218125 0.269531
0 0.114375 0.285156 0.120625 0.34375 0.12875 0.347656 0.135 0.394531 0.150625 0.300781 0.173125 0.296875 0.174375 0.210938 0.150625 0.226562 0.125625 0.164062 0.124375 0.242188
2 0.88125 0.757812 0.86625 0.773438 0.873125 0.859375 0.88125 0.847656
2 0.46375 0.710938 0.460625 0.617188 0.448125 0.621094 0.44125 0.679688 0.4225 0.671875 0.420625 0.6875 0.42875 0.75 0.453125 0.789062 0.4575 0.757812 0.4575 0.730469
2 0.4275 0.496094 0.425625 0.550781 0.4425 0.558594 0.46625 0.601562 0.46875 0.5625 0.4675 0.554688 0.42875 0.488281
2 0.456875 0.453125 0.455 0.382812 0.436875 0.425781 0.446875 0.472656
2 0.28625 0.210938 0.28875 0.296875 0.300625 0.273438 0.300625 0.210938
