2 0.09375 0.667969 0.099375 0.867188 0.23875 0.949219 0.32625 0.910156 0.37375 0.8125 0.369375 0.695312 0.275 0.714844 0.20625 0.597656 0.136875 0.578125
2 0.4375 0.460938 0.426875 0.363281 0.405 0.351562 0.34 0.445312 0.2925 0.621094 0.295625 0.675781 0.34875 0.699219 0.40875 0.628906
2 0.755 0.363281 0.759375 0.4375 0.7725 0.484375 0.815 0.488281 0.835625 0.445312 0.834375 0.367188 0.799375 0.347656
2 0.594375 0.234375 0.59 0.910156 0.599375 0.996094 0.614375 0.988281 0.618125 0.773438 0.61625 0.277344
2 0.25875 0.214844 0.284375 0.34375 0.379375 0.3125 0.42125 0.234375 0.41625 0.09375 0.29375 0.089844
2 0.425 0.121094 0.440625 0.234375 0.495625 0.210938 0.50625 0.125 0.453125 0.074219
2 0.6875 0.074219 0.6425 0.046875 0.5575 0.0625 0.51625 0.140625 0.5675 0.21875 0.6825 0.171875
2 0.693125 0.078125 0.7075 0.175781 0.76 0.175781 0.77375 0.082031 0.761875 0.042969 0.72125 0.039062
2 0.889375 0.089844 0.876875 0.035156 0.855625 0.015625 0.820625 0.054688 0.819375 0.140625 0.86625 0.167969
2 0.29375 0.019531 0.218125 0.003906 0.076875 0.179688 0.0 0.195312 0.0 0.390625 0.174375 0.144531 0.175 0.261719 0.215625 0.269531 0.230625 0.203125 0.20625 0.117188
