0 0.168125 0.839844 0.165625 0.917969 0.1775 0.921875 0.18125 0.859375
0 0.10375 0.824219 0.105625 0.984375 0.121875 0.996094 0.12 0.875
0 0.226875 0.8125 0.226875 0.964844 0.238125 0.964844 0.2375 0.820312
0 0.243125 0.753906 0.241875 0.871094 0.253125 0.878906 0.251875 0.757812
0 0.1575 0.632812 0.154375 0.746094 0.164375 0.746094 0.166875 0.632812
0 0.186875 0.582031 0.186875 0.785156 0.194375 0.785156 0.19875 0.582031
0 0.131875 0.5625 0.124375 0.730469 0.145625 0.761719 0.14375 0.5625
0 0.22375 0.550781 0.208125 0.546875 0.20875 0.695312 0.199375 0.707031 0.195625 0.855469 0.20125 0.921875 0.21 0.875 0.21125 0.808594 0.21875 0.71875
0 0.105 0.527344 0.08125 0.566406 0.078125 0.683594 0.086875 0.714844 0.0925 0.675781 0.106875 0.726562 0.11375 0.722656 0.105 0.589844
0 0.14375 0.355469 0.13125 0.359375 0.128125 0.5 0.143125 0.488281
0 0.173125 0.242188 0.1625 0.246094 0.1575 0.410156 0.168125 0.410156
0 0.081875 0.199219 0.084375 0.398438 0.091875 0.40625 0.09625 0.199219
0 0.146875 0.003906 0.13 0.003906 0.1275 0.097656 0.1375 0.117188
0 0.1175 0.003906 0.105625 0.019531 0.100625 0.128906 0.115625 0.125
