2 0.79625 0.742188 0.784375 0.761719 0.79 0.984375 0.793125 0.984375 0.794375 0.949219
2 0.96625 0.695312 0.956875 0.703125 0.961875 0.921875 0.9675 0.910156
2 0.769375 0.691406 0.7575 0.703125 0.76125 0.996094 0.768125 0.996094
2 0.865 0.679688 0.869375 0.996094 0.87625 0.996094 0.874375 0.675781
2 0.895625 0.664062 0.886875 0.671875 0.889375 0.964844 0.89625 0.957031
2 0.94 0.625 0.930625 0.632812 0.933125 0.925781 0.940625 0.921875
2 0.950625 0.578125 0.9425 0.605469 0.9475 0.980469 0.948125 0.996094 0.95625 0.996094
2 0.973125 0.5625 0.978125 0.984375 0.9825 0.984375 0.98 0.5625
2 0.89625 0.519531 0.901875 0.953125 0.906875 0.953125 0.906875 0.527344
3 0.17125 0.675781 0.16 0.71875 0.159375 0.75 0.156875 0.78125 0.16125 0.808594 0.17125 0.828125 0.17875 0.832031 0.18125 0.769531 0.18125 0.71875 0.176875 0.691406
3 0.0475 0.480469 0.04125 0.496094 0.0425 0.539062 0.03375 0.59375 0.0325 0.683594 0.028125 0.734375 0.028125 0.808594 0.034375 0.886719 0.0425 0.855469 0.054375 0.753906 0.055 0.609375 0.065625 0.574219 0.0625 0.496094
3 0.335 0.257812 0.3275 0.273438 0.324375 0.289062 0.32375 0.316406 0.32625 0.367188 0.32375 0.394531 0.32375 0.445312 0.333125 0.453125 0.340625 0.382812 0.34125 0.34375 0.339375 0.273438
3 0.145625 0.21875 0.134375 0.167969 0.124375 0.199219 0.1125 0.195312 0.104375 0.226562 0.085 0.1875 0.065625 0.222656 0.06125 0.308594 0.0775 0.421875 0.106875 0.445312 0.125 0.363281 0.145 0.324219 0.143125 0.246094
3 0.073125 0.003906 0.073125 0.023438 0.07625 0.0625 0.081875 0.0625 0.095625 0.042969 0.095625 0.003906
