2 0.434375 0.761719 0.42875 0.988281 0.435 0.992188 0.4375 0.777344
2 0.224375 0.558594 0.22125 0.988281 0.223125 0.992188
2 0.22 0.503906 0.2175 0.503906 0.21625 0.992188
2 0.075 0.464844 0.0725 0.515625 0.07 0.867188
2 0.325625 0.457031 0.32125 0.800781 0.325 0.800781
2 0.315 0.449219 0.31 0.996094 0.31375 0.996094
2 0.23375 0.398438 0.23125 0.984375 0.23375 0.980469
2 0.175 0.371094 0.17125 0.960938 0.17375 0.875
2 0.088125 0.246094 0.085 0.570312 0.0875 0.566406
2 0.491875 0.222656 0.486875 0.832031 0.490625 0.832031
2 0.938125 0.1875 0.93375 0.976562 0.936875 0.960938 0.941875 0.191406
2 0.390625 0.148438 0.383125 0.667969 0.38 0.167969 0.378125 0.878906 0.383125 0.992188 0.39125 0.980469
2 0.083125 0.121094 0.08 0.582031 0.081875 0.609375
2 0.906875 0.019531 0.90375 0.492188 0.905625 0.53125 0.9125 0.035156
2 0.70125 0.007812 0.693125 0.015625 0.690625 0.972656 0.696875 0.972656
3 0.895 0.925781 0.8875 0.929688 0.885 0.96875 0.893125 0.976562 0.89625 0.953125 0.89625 0.945312 0.895625 0.941406
3 0.895625 0.457031 0.890625 0.472656 0.89 0.53125 0.879375 0.585938 0.881875 0.625 0.873125 0.691406 0.886875 0.859375 0.899375 0.894531 0.906875 0.835938 0.909375 0.765625 0.9075 0.703125 0.89375 0.695312 0.9075 0.613281
