2 0.034375 0.46875 0.005625 0.621094 0.00375 0.644531 0.026875 0.519531
2 0.074375 0.011719 0.035625 0.210938 0.03625 0.222656
2 0.1025 0.007812 0.004375 0.574219 0.090625 0.109375 0.07375 0.171875
3 0.93 0.871094 0.929375 0.875 0.92875 0.875 0.92875 0.886719 0.929375 0.882812 0.929375 0.878906 0.93 0.875
3 0.44375 0.816406 0.44125 0.949219 0.445 0.988281 0.51375 0.992188 0.508125 0.847656 0.50125 0.816406
3 0.960625 0.589844 0.954375 0.585938 0.949375 0.625 0.940625 0.609375 0.934375 0.617188 0.931875 0.703125 0.93625 0.777344 0.949375 0.792969 0.960625 0.636719
3 0.085 0.257812 0.06625 0.320312 0.06125 0.355469 0.06 0.410156 0.051875 0.453125 0.046875 0.621094 0.055 0.726562 0.06375 0.777344 0.068125 0.75 0.071875 0.660156 0.07625 0.664062 0.0825 0.539062 0.07625 0.394531
3 0.920625 0.410156 0.91125 0.371094 0.898125 0.453125 0.894375 0.304688 0.86 0.09375 0.815 0.496094 0.8075 0.691406 0.783125 0.96875 0.9275 0.851562
3 0.406875 0.046875 0.41 0.171875 0.430625 0.277344 0.413125 0.417969 0.440625 0.476562 0.408125 0.617188 0.403125 0.75 0.44875 0.628906 0.45125 0.683594 0.4825 0.757812 0.495 0.730469 0.4925 0.574219 0.461875 0.265625 0.460625 0.019531
3 0.234375 0.003906 0.19625 0.089844 0.15375 0.46875 0.099375 0.496094 0.100625 0.816406 0.1975 0.945312 0.205625 0.75 0.150625 0.710938 0.198125 0.605469 0.21125 0.65625 0.228125 0.578125 0.231875 0.414062 0.220625 0.375 0.234375 0.273438
