2 0.940625 0.886719 0.905625 0.910156 0.906875 0.996094 0.9425 0.988281
2 0.078125 0.882812 0.076875 0.996094 0.093125 0.996094 0.0875 0.878906
2 0.464375 0.867188 0.46875 0.996094 0.4775 0.996094 0.483125 0.988281 0.48125 0.867188
2 0.320625 0.84375 0.293125 0.882812 0.29625 0.996094 0.324375 0.996094
2 0.540625 0.839844 0.541875 0.996094 0.560625 0.996094 0.55625 0.839844
2 0.42375 0.839844 0.40625 0.878906 0.366875 0.851562 0.366875 0.996094 0.426875 0.996094
2 0.84375 0.800781 0.841875 0.996094 0.859375 0.996094 0.86 0.800781
2 0.814375 0.800781 0.81625 0.996094 0.834375 0.984375 0.831875 0.800781
2 0.948125 0.785156 0.94625 0.996094 0.976875 0.984375 0.96625 0.785156
2 0.091875 0.679688 0.095625 0.996094 0.110625 0.996094 0.109375 0.695312
