2 0.863125 0.828125 0.855 0.839844 0.8525 0.996094 0.864375 0.996094
2 0.639375 0.582031 0.6275 0.585938 0.630625 0.769531 0.638125 0.765625
2 0.16125 0.515625 0.15375 0.515625 0.15125 0.773438 0.16125 0.769531
2 0.86 0.351562 0.863125 0.734375 0.871875 0.734375 0.87125 0.351562
2 0.449375 0.226562 0.44 0.230469 0.436875 0.453125 0.445 0.453125
2 0.16375 0.15625 0.154375 0.15625 0.1525 0.371094 0.16125 0.367188
2 0.425 0.070312 0.423125 0.253906 0.41875 0.34375 0.419375 0.683594 0.42625 0.683594 0.433125 0.3125 0.4325 0.085938
2 0.51 0.0 0.51625 0.703125 0.509375 0.996094 0.535625 0.996094 0.535625 0.214844 0.543125 0.210938 0.5425 0.003906
3 0.271875 0.691406 0.26625 0.710938 0.260625 0.78125 0.26125 0.820312 0.2675 0.859375 0.255625 0.925781 0.25 0.929688 0.250625 0.960938 0.2625 0.964844 0.27125 0.996094 0.285625 0.996094 0.2825 0.96875 0.27125 0.953125 0.278125 0.890625 0.278125 0.765625
3 0.295625 0.246094 0.28125 0.324219 0.28 0.535156 0.273125 0.628906 0.284375 0.664062 0.29875 0.65625 0.31375 0.789062 0.325 0.976562 0.344375 0.996094 0.33875 0.757812 0.31625 0.628906 0.324375 0.574219 0.3075 0.40625 0.3175 0.363281 0.316875 0.316406 0.30625 0.238281
