0 0.455 0.863281 0.448125 0.90625 0.450625 0.996094 0.46 0.996094 0.458125 0.929688
0 0.84 0.753906 0.83625 0.8125 0.841875 0.828125 0.843125 0.828125 0.846875 0.816406 0.84625 0.773438 0.8475 0.761719
0 0.060625 0.53125 0.056875 0.546875 0.055625 0.601562 0.055 0.605469 0.055 0.613281 0.06 0.644531 0.065 0.617188 0.06375 0.601562 0.06375 0.570312
0 0.77125 0.410156 0.765625 0.445312 0.766875 0.574219 0.7725 0.601562 0.7775 0.585938 0.778125 0.570312 0.77625 0.488281
0 0.83625 0.398438 0.833125 0.441406 0.833125 0.515625 0.836875 0.570312 0.845 0.578125 0.846875 0.5625 0.845 0.480469
0 0.513125 0.289062 0.500625 0.292969 0.499375 0.410156 0.51125 0.410156
0 0.84125 0.230469 0.8375 0.21875 0.8325 0.246094 0.82875 0.277344 0.829375 0.34375 0.83875 0.308594 0.843125 0.277344 0.8425 0.246094
0 0.8675 0.121094 0.865625 0.152344 0.8675 0.171875 0.868125 0.199219 0.86375 0.257812 0.861875 0.3125 0.86625 0.3125 0.875 0.246094 0.876875 0.207031 0.874375 0.15625
0 0.53125 0.0625 0.529375 0.152344 0.5375 0.15625 0.540625 0.066406
0 0.506875 0.019531 0.49625 0.027344 0.494375 0.144531 0.49625 0.15625 0.505625 0.15625 0.50875 0.089844
0 0.895 0.003906 0.875 0.007812 0.8725 0.015625 0.870625 0.039062 0.87125 0.09375 0.87375 0.109375 0.895625 0.089844
