2 0.290625 0.914062 0.290625 0.996094 0.295 0.996094 0.295 0.914062
2 0.28125 0.90625 0.280625 0.90625 0.280625 0.917969 0.28 0.921875 0.28 0.949219 0.279375 0.953125 0.279375 0.980469 0.27875 0.984375 0.27875 0.996094 0.2825 0.996094 0.283125 0.914062
2 0.310625 0.902344 0.299375 0.90625 0.3 0.996094 0.308125 0.996094
2 0.545625 0.832031 0.540625 0.835938 0.526875 0.917969 0.515 0.925781 0.499375 0.902344 0.491875 0.996094 0.548125 0.996094
2 0.32375 0.832031 0.32375 0.996094 0.330625 0.996094 0.328125 0.832031
2 0.375625 0.792969 0.365625 0.796875 0.36375 0.996094 0.376875 0.996094
2 0.33 0.597656 0.329375 0.800781 0.356875 0.769531 0.35375 0.605469
2 0.315 0.601562 0.313125 0.933594 0.32125 0.949219 0.3225 0.597656
2 0.266875 0.59375 0.263125 0.597656 0.259375 0.695312 0.260625 0.960938 0.265 0.964844 0.264375 0.726562
2 0.49125 0.582031 0.4875 0.777344 0.495 0.789062 0.5 0.601562
2 0.261875 0.140625 0.2625 0.335938 0.26625 0.351562 0.26875 0.148438
2 0.324375 0.0 0.328125 0.003906 0.326875 0.488281 0.331875 0.492188 0.335 0.003906
2 0.31625 0.003906 0.300625 0.0 0.30375 0.003906 0.301875 0.585938 0.309375 0.539062 0.30875 0.34375 0.325 0.335938 0.3225 0.148438 0.314375 0.128906
