2 0.129375 0.566406 0.130625 0.976562 0.133125 0.964844
2 0.675 0.265625 0.675 0.523438 0.67125 0.457031 0.673125 0.613281 0.675625 0.613281 0.675625 0.542969 0.67875 0.535156 0.6775 0.328125
2 0.708125 0.128906 0.7075 0.429688 0.709375 0.433594 0.71 0.132812
2 0.80375 0.03125 0.80375 0.453125 0.8075 0.445312 0.8075 0.292969 0.81 0.273438 0.80625 0.058594
2 0.10875 0.03125 0.113125 0.640625 0.111875 0.035156
2 0.89875 0.023438 0.89875 0.824219 0.90375 0.824219 0.9025 0.023438
2 0.770625 0.023438 0.77125 0.402344 0.773125 0.398438 0.7725 0.027344
2 0.643125 0.023438 0.6425 0.027344 0.64125 0.027344 0.64125 0.039062 0.641875 0.042969 0.641875 0.0625 0.6425 0.066406 0.6425 0.078125 0.6425 0.0625 0.643125 0.058594
2 0.765625 0.019531 0.766875 0.191406 0.7675 0.023438
2 0.2375 0.019531 0.24125 0.179688 0.24625 0.140625 0.248125 0.679688 0.25375 0.019531
2 0.881875 0.015625 0.88625 0.824219 0.894375 0.824219 0.89125 0.019531
2 0.17125 0.011719 0.173125 0.511719 0.175 0.511719 0.175 0.019531
3 0.524375 0.011719 0.540625 0.136719 0.559375 0.378906 0.59875 0.632812 0.61875 0.511719 0.62 0.445312 0.615 0.378906 0.598125 0.375 0.594375 0.304688 0.576875 0.238281 0.589375 0.191406 0.588125 0.121094 0.565625 0.007812
3 0.38625 0.015625 0.400625 0.285156 0.380625 0.414062 0.395625 0.445312 0.37625 0.625 0.39625 0.628906 0.376875 0.738281 0.39625 0.796875 0.378125 0.820312 0.38 0.976562 0.42875 0.871094 0.440625 0.625 0.455625 0.800781 0.48125 0.738281 0.47 0.976562 0.521875 0.996094 0.4525 0.242188 0.45125 0.035156 0.4375 0.097656 0.449375 0.003906
