2 0.218125 0.707031 0.219375 0.996094 0.230625 0.996094 0.226875 0.714844
2 0.54125 0.648438 0.543125 0.996094 0.5575 0.992188 0.555 0.648438
2 0.635 0.410156 0.620625 0.417969 0.620625 0.847656 0.631875 0.839844
2 0.205 0.289062 0.198125 0.292969 0.196875 0.761719 0.21 0.757812
2 0.38625 0.023438 0.3875 0.996094 0.4075 0.996094 0.406875 0.023438
2 0.78625 0.011719 0.786875 0.996094 0.801875 0.996094 0.8 0.007812
2 0.286875 0.007812 0.27375 0.007812 0.275625 0.347656 0.288125 0.328125
2 0.51875 0.003906 0.501875 0.003906 0.50125 0.582031 0.52 0.542969
2 0.728125 0.0 0.733125 0.003906 0.724375 0.027344 0.7275 0.996094 0.74125 0.996094 0.73375 0.003906 0.741875 0.0
2 0.54375 0.0 0.54875 0.003906 0.544375 0.007812 0.545625 0.359375 0.555 0.363281 0.551875 0.003906
2 0.43125 0.003906 0.434375 0.996094 0.445625 0.996094 0.444375 0.007812 0.4375 0.003906 0.44625 0.0
