0 0.724375 0.882812 0.726875 0.996094 0.744375 0.996094 0.740625 0.894531
0 0.778125 0.835938 0.7575 0.847656 0.75875 0.96875 0.779375 0.976562
0 0.865625 0.589844 0.85125 0.613281 0.8525 0.792969 0.864375 0.761719
0 0.939375 0.574219 0.9225 0.585938 0.911875 0.902344 0.925625 0.902344
0 0.785 0.460938 0.781875 0.796875 0.80125 0.800781 0.80125 0.480469
0 0.771875 0.417969 0.756875 0.449219 0.758125 0.644531 0.771875 0.636719
0 0.841875 0.292969 0.82875 0.328125 0.83 0.507812 0.845625 0.503906
0 0.914375 0.234375 0.913125 0.339844 0.9225 0.335938 0.92125 0.234375
0 0.876875 0.136719 0.868125 0.167969 0.8675 0.382812 0.876875 0.375
0 0.715625 0.09375 0.706875 0.117188 0.708125 0.199219 0.720625 0.199219
0 0.8225 0.082031 0.82 0.261719 0.835625 0.261719 0.830625 0.078125
