0 0.516875 0.824219 0.501875 0.871094 0.50875 0.980469 0.518125 0.953125
0 0.345 0.574219 0.3275 0.617188 0.32875 0.789062 0.349375 0.789062
0 0.27125 0.574219 0.270625 0.75 0.29 0.75 0.288125 0.570312
0 0.4575 0.566406 0.45625 0.6875 0.470625 0.683594 0.483125 0.796875 0.496875 0.777344 0.4775 0.570312 0.466875 0.515625
0 0.36375 0.417969 0.359375 0.5625 0.375625 0.5625 0.376875 0.421875
0 0.88625 0.179688 0.888125 0.433594 0.9025 0.417969 0.900625 0.183594
0 0.429375 0.101562 0.418125 0.160156 0.420625 0.265625 0.434375 0.25
0 0.443125 0.097656 0.440625 0.214844 0.455625 0.3125 0.47 0.296875 0.464375 0.199219
0 0.93 0.035156 0.928125 0.1875 0.945625 0.164062 0.945625 0.035156
0 0.3575 0.007812 0.339375 0.015625 0.345 0.113281 0.354375 0.113281
0 0.31625 0.003906 0.31375 0.167969 0.32375 0.238281 0.333125 0.257812 0.334375 0.101562 0.330625 0.023438 0.3275 0.011719
