2 0.206875 0.996094 0.241875 0.996094 0.24625 0.925781 0.206875 0.921875
2 0.3425 0.960938 0.368125 0.972656 0.378125 0.921875 0.345625 0.890625
2 0.261875 0.9375 0.304375 0.957031 0.30875 0.878906 0.265 0.875
2 0.306875 0.703125 0.304375 0.796875 0.364375 0.832031 0.363125 0.761719 0.34125 0.761719 0.336875 0.707031
2 0.15625 0.546875 0.135625 0.523438 0.073125 0.597656 0.075 0.644531 0.099375 0.632812 0.09875 0.6875 0.133125 0.703125 0.138125 0.632812 0.135 0.625 0.151875 0.589844
2 0.0375 0.511719 0.02 0.511719 0.000625 0.53125 0.005 0.582031 0.02625 0.585938 0.03625 0.558594
2 0.09625 0.480469 0.094375 0.394531 0.058125 0.421875 0.0575 0.46875
2 0.175625 0.375 0.115625 0.410156 0.116875 0.488281 0.135625 0.488281 0.14125 0.515625 0.169375 0.527344
2 0.19375 0.25 0.205 0.339844 0.210625 0.242188
2 0.415625 0.164062 0.30125 0.15625 0.25 0.238281 0.224375 0.390625 0.196875 0.410156 0.20375 0.46875 0.181875 0.503906 0.17875 0.578125 0.264375 0.738281 0.314375 0.648438 0.340625 0.679688 0.374375 0.558594 0.308125 0.394531 0.35625 0.277344 0.413125 0.332031 0.3975 0.246094
