2 0.326875 0.851562 0.324375 0.957031 0.334375 0.957031 0.33875 0.996094 0.356875 0.996094 0.354375 0.957031 0.34 0.851562
2 0.1125 0.707031 0.115625 0.800781 0.130625 0.851562 0.145625 0.964844 0.16125 0.953125 0.159375 0.910156 0.1725 0.914062 0.180625 0.996094 0.200625 0.996094 0.18 0.761719 0.16 0.738281 0.144375 0.792969 0.135625 0.738281
2 0.486875 0.550781 0.485625 0.640625 0.48875 0.675781 0.49 0.679688 0.500625 0.660156 0.501875 0.601562 0.4975 0.554688
2 0.9625 0.492188 0.959375 0.574219 0.97625 0.582031 0.975 0.492188
2 0.8425 0.449219 0.83 0.449219 0.8275 0.535156 0.8325 0.578125 0.836875 0.574219 0.845 0.535156 0.845 0.457031
2 0.7825 0.445312 0.771875 0.492188 0.775 0.628906 0.760625 0.636719 0.758125 0.75 0.765625 0.78125 0.77125 0.765625 0.776875 0.855469 0.784375 0.863281 0.790625 0.839844 0.791875 0.769531 0.7975 0.816406 0.80875 0.808594 0.805625 0.675781 0.808125 0.542969
2 0.75625 0.46875 0.726875 0.429688 0.6525 0.613281 0.645625 0.683594 0.65375 0.753906 0.66 0.753906 0.671875 0.675781 0.685 0.675781 0.72 0.832031 0.73375 0.832031 0.738125 0.792969 0.753125 0.765625 0.76 0.617188
2 0.08625 0.410156 0.08875 0.488281 0.095 0.542969 0.111875 0.535156 0.110625 0.433594 0.094375 0.402344
2 0.114375 0.359375 0.12 0.589844 0.14875 0.601562 0.14875 0.527344 0.14375 0.367188
2 0.15 0.34375 0.153125 0.574219 0.160625 0.609375 0.186875 0.605469 0.180625 0.417969
2 0.340625 0.3125 0.325 0.3125 0.318125 0.492188 0.3225 0.648438 0.328125 0.703125 0.335 0.691406 0.341875 0.640625
2 0.02875 0.25 0.01875 0.308594 0.006875 0.304688 0.000625 0.363281 0.00375 0.996094 0.048125 0.992188 0.065 0.929688 0.07125 0.742188 0.088125 0.628906 0.07625 0.394531 0.065 0.371094 0.053125 0.449219 0.045 0.449219
