2 0.01875 0.800781 0.011875 0.800781 0.01375 0.992188 0.02 0.984375
2 0.046875 0.792969 0.048125 0.996094 0.0575 0.996094 0.05625 0.796875
2 0.635625 0.671875 0.635625 0.996094 0.64625 0.996094 0.645 0.667969
2 0.28875 0.527344 0.28875 0.882812 0.300625 0.882812 0.299375 0.527344
2 0.500625 0.433594 0.501875 0.996094 0.51375 0.996094 0.51 0.433594
2 0.30625 0.398438 0.306875 0.996094 0.32 0.996094 0.32125 0.398438
2 0.021875 0.351562 0.01 0.339844 0.006875 0.613281 0.02125 0.601562
2 0.0575 0.316406 0.049375 0.316406 0.046875 0.617188 0.058125 0.609375
2 0.3675 0.125 0.355625 0.125 0.350625 0.601562 0.34 0.601562 0.339375 0.996094 0.3675 0.996094
2 0.595 0.015625 0.580625 0.015625 0.58375 0.574219 0.596875 0.550781
2 0.076875 0.015625 0.065625 0.015625 0.06875 0.988281 0.08 0.980469
2 0.1975 0.007812 0.1975 0.996094 0.25125 0.996094 0.245625 0.011719
2 0.555625 0.003906 0.556875 0.988281 0.57 0.996094 0.569375 0.007812
2 0.465 0.0 0.464375 0.996094 0.48375 0.996094 0.48375 0.007812 0.473125 0.003906 0.484375 0.0
2 0.138125 0.0 0.178125 0.0 0.17625 0.300781 0.14 0.324219 0.1375 0.996094 0.188125 0.996094 0.18875 0.0
