0 0.633125 0.738281 0.63 0.851562 0.641875 0.855469 0.644375 0.738281
0 0.26625 0.667969 0.260625 0.695312 0.266875 0.90625 0.27375 0.960938 0.276875 0.855469 0.276875 0.777344 0.27125 0.6875
0 0.22 0.601562 0.21375 0.640625 0.209375 0.832031 0.219375 0.855469 0.225 0.726562 0.225 0.699219
0 0.145625 0.503906 0.14375 0.96875 0.156875 0.96875 0.158125 0.511719
0 0.25 0.457031 0.248125 0.472656 0.248125 0.550781 0.254375 0.566406 0.2575 0.550781 0.25875 0.527344 0.256875 0.46875
0 0.220625 0.371094 0.201875 0.378906 0.2 0.492188 0.21875 0.5
0 0.14125 0.128906 0.1375 0.164062 0.13875 0.25 0.14625 0.285156 0.149375 0.257812 0.1475 0.132812
2 0.8275 0.894531 0.7975 0.914062 0.795625 0.996094 0.825625 0.996094
2 0.86125 0.816406 0.845625 0.820312 0.843125 0.898438 0.86125 0.890625
2 0.883125 0.8125 0.8825 0.902344 0.9025 0.910156 0.901875 0.824219
