2 0.57375 0.015625 0.564375 0.023438 0.564375 0.996094 0.574375 0.996094
2 0.66375 0.007812 0.666875 0.878906 0.67125 0.867188 0.67375 0.015625
2 0.119375 0.003906 0.10875 0.015625 0.110625 0.949219 0.114375 0.953125
2 0.0575 0.003906 0.048125 0.011719 0.04625 0.753906 0.05625 0.753906
2 0.79625 0.0 0.795625 0.996094 0.8075 0.996094 0.808125 0.0
2 0.70875 0.0 0.719375 0.003906 0.706875 0.019531 0.708125 0.996094 0.719375 0.996094 0.720625 0.003906
2 0.601875 0.0 0.619375 0.003906 0.604375 0.011719 0.60125 0.996094 0.626875 0.996094 0.6275 0.0
2 0.519375 0.0 0.51875 0.996094 0.535 0.996094 0.535625 0.0
2 0.47625 0.0 0.496875 0.003906 0.47375 0.011719 0.475625 0.996094 0.504375 0.996094 0.505 0.0
2 0.43625 0.0 0.435625 0.996094 0.449375 0.996094 0.460625 0.011719
2 0.141875 0.0 0.14125 0.996094 0.146875 0.996094 0.149375 0.003906
