0 0.320625 0.921875 0.323125 0.996094 0.336875 0.996094 0.333125 0.917969
0 0.23125 0.613281 0.2275 0.757812 0.239375 0.773438 0.245625 0.867188 0.249375 0.859375 0.251875 0.84375 0.243125 0.605469
0 0.3725 0.585938 0.374375 0.675781 0.389375 0.675781 0.389375 0.582031
0 0.24875 0.527344 0.25125 0.609375 0.264375 0.625 0.26125 0.546875
0 0.34875 0.496094 0.3525 0.660156 0.365 0.660156 0.365 0.507812
0 0.383125 0.359375 0.385 0.464844 0.3975 0.464844 0.395 0.359375
0 0.294375 0.292969 0.29625 0.382812 0.30625 0.378906 0.305 0.292969
0 0.9775 0.132812 0.965 0.167969 0.9675 0.3125 0.979375 0.277344
0 0.954375 0.007812 0.941875 0.015625 0.944375 0.222656 0.95125 0.226562 0.954375 0.167969
2 0.0 0.832031 0.0 0.976562 0.00625 0.996094 0.04125 0.988281 0.040625 0.871094 0.0275 0.878906 0.0125 0.796875
2 0.113125 0.789062 0.0875 0.847656 0.09375 0.996094 0.104375 0.949219 0.1175 0.953125
