0 0.129375 0.789062 0.126875 0.933594 0.134375 0.933594 0.14 0.792969
0 0.671875 0.683594 0.66375 0.871094 0.68875 0.867188 0.691875 0.683594
0 0.734375 0.65625 0.73625 0.769531 0.748125 0.777344 0.746875 0.65625
0 0.764375 0.578125 0.760625 0.667969 0.773125 0.667969 0.775 0.578125
0 0.728125 0.570312 0.710625 0.585938 0.714375 0.671875 0.728125 0.675781
0 0.15625 0.554688 0.136875 0.5625 0.13875 0.667969 0.153125 0.683594
0 0.7075 0.480469 0.691875 0.488281 0.68625 0.601562 0.701875 0.605469
0 0.163125 0.390625 0.163125 0.535156 0.171875 0.542969 0.17 0.390625
0 0.03625 0.171875 0.04 0.289062 0.0475 0.292969 0.05 0.167969
0 0.710625 0.035156 0.696875 0.027344 0.693125 0.328125 0.709375 0.300781
