0 0.814375 0.871094 0.8175 0.996094 0.828125 0.992188 0.824375 0.875
0 0.281875 0.792969 0.265625 0.792969 0.258125 0.957031 0.27375 0.945312
0 0.02875 0.695312 0.028125 0.789062 0.035625 0.792969 0.036875 0.695312
0 0.216875 0.640625 0.220625 0.730469 0.234375 0.75 0.235 0.636719
0 0.22625 0.511719 0.220625 0.585938 0.233125 0.585938 0.23625 0.511719
0 0.269375 0.484375 0.258125 0.488281 0.2575 0.625 0.275 0.609375
0 0.71125 0.398438 0.699375 0.421875 0.689375 0.507812 0.695625 0.550781 0.700625 0.613281 0.711875 0.613281
0 0.23125 0.34375 0.218125 0.347656 0.21375 0.449219 0.229375 0.464844
0 0.10125 0.328125 0.1 0.429688 0.1075 0.4375 0.110625 0.328125
0 0.263125 0.316406 0.2475 0.332031 0.245625 0.449219 0.259375 0.425781
0 0.135 0.3125 0.124375 0.3125 0.121875 0.550781 0.133125 0.539062
0 0.683125 0.257812 0.684375 0.371094 0.691875 0.371094 0.691875 0.257812
0 0.211875 0.171875 0.2125 0.308594 0.224375 0.289062 0.223125 0.191406
0 0.843125 0.109375 0.833125 0.132812 0.836875 0.226562 0.843125 0.226562
0 0.24 0.109375 0.22875 0.117188 0.231875 0.285156 0.24 0.253906
0 0.84125 0.015625 0.845 0.132812 0.85 0.132812 0.8525 0.101562 0.853125 0.015625
