0 0.020625 0.875 0.0225 0.996094 0.03875 0.996094 0.038125 0.878906
0 0.87875 0.695312 0.855 0.710938 0.8525 0.886719 0.8825 0.878906
0 0.823125 0.640625 0.820625 0.804688 0.84125 0.8125 0.84 0.640625
0 0.043125 0.601562 0.041875 0.839844 0.058125 0.851562 0.054375 0.605469
0 0.301875 0.523438 0.305 0.65625 0.313125 0.65625 0.31375 0.519531
0 0.27 0.5 0.26 0.507812 0.25875 0.679688 0.266875 0.679688
0 0.165 0.378906 0.16375 0.640625 0.175 0.640625 0.175 0.394531
0 0.87625 0.371094 0.85625 0.394531 0.85625 0.59375 0.875625 0.59375
0 0.934375 0.214844 0.920625 0.238281 0.92 0.367188 0.93875 0.363281
0 0.195 0.175781 0.194375 0.445312 0.2025 0.441406 0.2075 0.183594
0 0.1375 0.039062 0.13875 0.242188 0.15 0.242188 0.15 0.046875
