0 0.245 0.761719 0.245 0.882812 0.25875 0.894531 0.25875 0.761719
0 0.21 0.722656 0.2025 0.878906 0.223125 0.867188 0.2225 0.726562
0 0.270625 0.585938 0.270625 0.617188 0.273125 0.660156 0.284375 0.660156 0.285 0.582031
0 0.201875 0.527344 0.1825 0.574219 0.18 0.773438 0.200625 0.757812
0 0.32625 0.511719 0.313125 0.519531 0.309375 0.597656 0.323125 0.601562
0 0.38 0.464844 0.364375 0.476562 0.3625 0.574219 0.375625 0.574219
0 0.326875 0.4375 0.32875 0.511719 0.3375 0.511719 0.336875 0.4375
0 0.204375 0.433594 0.205625 0.566406 0.231875 0.558594 0.22875 0.429688
0 0.271875 0.226562 0.2725 0.34375 0.28125 0.347656 0.284375 0.238281
0 0.18125 0.003906 0.18125 0.144531 0.195625 0.152344 0.193125 0.296875 0.2025 0.296875 0.20625 0.121094 0.19625 0.121094 0.195625 0.140625 0.191875 0.003906
2 0.295625 0.691406 0.29375 0.683594 0.2725 0.695312 0.270625 0.765625 0.285 0.769531 0.29625 0.761719
