2 0.86 0.773438 0.86 0.890625 0.9075 0.921875 0.89625 0.777344
2 0.708125 0.703125 0.709375 0.800781 0.75375 0.867188 0.77625 0.871094 0.781875 0.765625 0.750625 0.710938
2 0.699375 0.65625 0.68625 0.660156 0.68 0.996094 0.695625 0.996094
2 0.8025 0.304688 0.78375 0.316406 0.78875 0.996094 0.804375 0.996094
2 0.715625 0.222656 0.69375 0.246094 0.695 0.574219 0.716875 0.539062
2 0.030625 0.167969 0.0125 0.167969 0.0175 0.988281 0.036875 0.953125
2 0.708125 0.050781 0.714375 0.167969 0.7625 0.175781 0.756875 0.09375
2 0.83125 0.050781 0.838125 0.996094 0.854375 0.996094 0.846875 0.046875
2 0.668125 0.011719 0.6525 0.019531 0.6475 0.996094 0.66875 0.996094
2 0.04375 0.003906 0.048125 0.96875 0.06125 0.964844 0.0575 0.003906
