0 0.105625 0.742188 0.085 0.8125 0.08625 0.902344 0.111875 0.871094
0 0.235625 0.722656 0.23 0.917969 0.243125 0.917969 0.245625 0.722656
0 0.33375 0.71875 0.3225 0.722656 0.32 0.824219 0.338125 0.816406
0 0.94375 0.695312 0.92625 0.734375 0.930625 0.839844 0.939375 0.839844
0 0.97375 0.65625 0.97875 0.835938 0.9875 0.835938 0.986875 0.664062
0 0.325 0.503906 0.328125 0.667969 0.34125 0.679688 0.34125 0.503906
0 0.453125 0.496094 0.453125 0.785156 0.471875 0.765625 0.47 0.5
0 0.270625 0.355469 0.2575 0.371094 0.256875 0.515625 0.27 0.507812
0 0.44 0.296875 0.425 0.300781 0.415625 0.726562 0.436875 0.695312
0 0.931875 0.25 0.931875 0.367188 0.94625 0.351562 0.94375 0.25
0 0.195625 0.15625 0.193125 0.269531 0.205625 0.269531 0.20625 0.15625
0 0.246875 0.136719 0.25 0.269531 0.26125 0.242188 0.25875 0.136719
0 0.390625 0.035156 0.39 0.292969 0.414375 0.296875 0.405625 0.035156
