2 0.840625 0.601562 0.840625 0.996094 0.846875 0.996094 0.84625 0.601562
2 0.395625 0.070312 0.3875 0.085938 0.386875 0.261719 0.395625 0.261719
2 0.420625 0.050781 0.4175 0.050781 0.415 0.070312 0.41125 0.269531 0.418125 0.25
2 0.659375 0.007812 0.660625 0.488281 0.67125 0.503906 0.671875 0.007812
2 0.763125 0.003906 0.740625 0.003906 0.74 0.417969 0.745 0.449219 0.75375 0.425781 0.760625 0.289062
2 0.539375 0.003906 0.54125 0.542969 0.555 0.554688 0.55875 0.003906
2 0.51625 0.003906 0.51375 0.277344 0.519375 0.410156 0.528125 0.414062 0.53 0.003906
2 0.48125 0.003906 0.468125 0.011719 0.47125 0.667969 0.479375 0.664062
2 0.346875 0.003906 0.349375 0.28125 0.3575 0.277344 0.358125 0.003906
2 0.88125 0.0 0.880625 0.996094 0.89 0.996094 0.890625 0.0
