2 0.751875 0.996094 0.740625 0.941406 0.711875 0.964844 0.704375 0.996094
2 0.918125 0.996094 0.973125 0.996094 0.979375 0.863281 0.92625 0.859375
2 0.33375 0.722656 0.335625 0.859375 0.36 0.898438 0.37125 0.75
2 0.906875 0.988281 0.90125 0.828125 0.881875 0.828125 0.85125 0.6875 0.828125 0.71875 0.77875 0.933594 0.76375 0.9375 0.754375 0.996094
2 0.620625 0.519531 0.613125 0.757812 0.67125 0.742188 0.678125 0.554688 0.635625 0.566406 0.635 0.488281
2 0.6125 0.464844 0.318125 0.976562 0.565 0.996094 0.56375 0.929688 0.406875 0.929688 0.610625 0.609375
2 0.8025 0.5625 0.800625 0.425781 0.68875 0.449219 0.696875 0.601562 0.726875 0.605469 0.7375 0.710938 0.761875 0.699219 0.7675 0.589844
2 0.90125 0.410156 0.87875 0.449219 0.8525 0.679688 0.885 0.78125 0.90875 0.742188
2 0.984375 0.394531 0.946875 0.449219 0.96375 0.746094 0.9975 0.695312
2 0.00125 0.394531 0.0 0.996094 0.02 0.996094 0.025625 0.738281 0.0125 0.578125 0.014375 0.402344
2 0.84125 0.054688 0.711875 0.179688 0.715 0.25 0.760625 0.214844 0.835625 0.121094
2 0.8525 0.007812 0.861875 0.335938 0.8675 0.316406 0.864375 0.003906
2 0.368125 0.300781 0.38125 0.367188 0.495625 0.222656 0.5575 0.007812 0.52625 0.0 0.565625 0.0 0.3725 0.0 0.493125 0.003906
