2 0.985 0.910156 0.99 0.996094 0.999375 0.996094 0.999375 0.957031 0.998125 0.90625
2 0.821875 0.75 0.845 0.996094 0.8625 0.996094 0.841875 0.746094
2 0.2175 0.625 0.209375 0.625 0.204375 0.828125 0.2125 0.800781 0.215625 0.734375
2 0.350625 0.613281 0.351875 0.996094 0.359375 0.996094 0.358125 0.613281
2 0.635 0.347656 0.624375 0.351562 0.625 0.820312 0.634375 0.8125
2 0.938125 0.347656 0.940625 0.691406 0.9475 0.691406 0.945625 0.34375
2 0.925625 0.339844 0.929375 0.792969 0.936875 0.785156 0.934375 0.339844
2 0.211875 0.183594 0.211875 0.4375 0.218125 0.4375 0.220625 0.183594
2 0.64125 0.0625 0.6425 0.550781 0.65125 0.546875 0.64875 0.0625
2 0.53125 0.015625 0.519375 0.019531 0.519375 0.675781 0.526875 0.675781 0.52875 0.644531
2 0.896875 0.011719 0.883125 0.011719 0.88375 0.605469 0.889375 0.601562 0.891875 0.480469 0.89875 0.46875
2 0.593125 0.007812 0.59875 0.511719 0.605 0.515625 0.60375 0.007812
2 0.26125 0.007812 0.253125 0.007812 0.25375 0.394531 0.260625 0.386719
2 0.66 0.003906 0.661875 0.292969 0.669375 0.296875 0.66625 0.003906
2 0.614375 0.003906 0.616875 0.230469 0.62875 0.230469 0.62625 0.003906
2 0.57 0.003906 0.54125 0.019531 0.541875 0.265625 0.554375 0.269531 0.5525 0.585938 0.54 0.582031 0.540625 0.289062 0.531875 0.289062 0.539375 0.996094 0.5525 0.996094 0.553125 0.652344 0.56875 0.652344
2 0.31 0.003906 0.31 0.671875 0.32125 0.671875 0.319375 0.003906
2 0.110625 0.003906 0.1 0.007812 0.10375 0.382812 0.1125 0.378906
3 0.125 0.859375 0.125 0.914062 0.15375 0.917969 0.12875 0.976562 0.135625 0.996094 0.24375 0.996094 0.25 0.921875 0.246875 0.824219 0.225 0.789062 0.2175 0.804688 0.22625 0.882812 0.204375 0.898438 0.20625 0.851562 0.1725 0.769531
