2 0.3525 0.789062 0.394375 0.914062 0.40375 0.816406 0.36625 0.71875
2 0.003125 0.28125 0.0 0.582031 0.02875 0.558594 0.036875 0.53125 0.06125 0.527344 0.05375 0.410156 0.036875 0.441406 0.028125 0.285156
2 0.681875 0.570312 0.7575 0.480469 0.765625 0.273438 0.70625 0.234375
2 0.784375 0.207031 0.775 0.546875 0.83625 0.558594 0.844375 0.292969 0.806875 0.273438 0.80875 0.222656
2 0.47875 0.050781 0.44125 0.121094 0.423125 0.464844 0.4675 0.476562
2 0.036875 0.117188 0.0425 0.207031 0.06875 0.28125 0.108125 0.195312 0.114375 0.257812 0.135 0.261719 0.12625 0.046875 0.090625 0.027344
2 0.03125 0.019531 0.003125 0.054688 0.001875 0.152344 0.03125 0.132812
2 0.853125 0.003906 0.7825 0.007812 0.784375 0.105469 0.8475 0.140625
2 0.56 0.003906 0.56 0.054688 0.579375 0.074219 0.580625 0.003906
2 0.484375 0.003906 0.484375 0.105469 0.52125 0.136719 0.525625 0.003906
