2 0.331875 0.25 0.331875 0.996094 0.349375 0.996094 0.346875 0.71875 0.340625 0.703125 0.3375 0.257812
2 0.711875 0.105469 0.714375 0.914062 0.724375 0.914062 0.7225 0.117188
2 0.953125 0.03125 0.954375 0.992188 0.98 0.992188 0.970625 0.027344
2 0.305 0.015625 0.3025 0.996094 0.326875 0.996094 0.3275 0.015625
2 0.801875 0.007812 0.800625 0.996094 0.815625 0.996094 0.81625 0.007812
2 0.75 0.007812 0.731875 0.011719 0.7325 0.996094 0.7475 0.996094
2 0.761875 0.003906 0.76375 0.992188 0.77625 0.992188 0.771875 0.003906
2 0.910625 0.0 0.915625 0.003906 0.91 0.996094 0.931875 0.996094 0.934375 0.003906
2 0.84125 0.003906 0.856875 0.996094 0.88 0.996094 0.880625 0.003906 0.890625 0.996094 0.89125 0.0
2 0.37125 0.0 0.379375 0.003906 0.370625 0.996094 0.418125 0.996094 0.41875 0.007812 0.39875 0.003906 0.41875 0.0
