2 0.428125 0.726562 0.43125 0.90625 0.470625 0.867188 0.464375 0.75
2 0.72875 0.699219 0.705 0.703125 0.705625 0.902344 0.72625 0.890625
2 0.55375 0.699219 0.52625 0.734375 0.533125 0.933594 0.55625 0.871094 0.56125 0.785156
2 0.855625 0.6875 0.844375 0.699219 0.845625 0.859375 0.855625 0.859375
2 0.775 0.683594 0.746875 0.6875 0.748125 0.886719 0.78125 0.851562
2 0.991875 0.671875 0.975 0.667969 0.979375 0.835938 0.99 0.808594
2 0.91375 0.664062 0.8775 0.675781 0.87625 0.839844 0.91625 0.820312
2 0.72375 0.492188 0.71125 0.507812 0.7175 0.640625 0.725625 0.621094
2 0.50625 0.484375 0.49625 0.492188 0.498125 0.667969 0.50875 0.664062
2 0.85625 0.472656 0.840625 0.480469 0.839375 0.601562 0.8575 0.601562
2 0.585625 0.472656 0.568125 0.492188 0.5725 0.691406 0.585 0.644531
2 0.66375 0.460938 0.65375 0.476562 0.658125 0.660156 0.666875 0.644531
2 0.786875 0.449219 0.761875 0.480469 0.76625 0.640625 0.7875 0.625
2 0.956875 0.421875 0.931875 0.449219 0.935625 0.621094 0.960625 0.585938
