2 0.655625 0.796875 0.646875 0.800781 0.6425 0.996094 0.6525 0.996094
2 0.914375 0.757812 0.915 0.996094 0.921875 0.996094 0.921875 0.757812
2 0.688125 0.15625 0.68625 0.382812 0.691875 0.382812 0.695 0.15625
2 0.779375 0.007812 0.770625 0.011719 0.76625 0.710938 0.775 0.707031
2 0.88875 0.003906 0.884375 0.410156 0.89875 0.492188 0.9 0.003906
2 0.830625 0.003906 0.82125 0.003906 0.821875 0.253906 0.815 0.265625 0.814375 0.554688 0.82625 0.527344
2 0.75625 0.003906 0.75375 0.660156 0.763125 0.691406 0.765625 0.003906
2 0.69625 0.003906 0.69875 0.433594 0.703125 0.433594 0.70625 0.003906
2 0.01875 0.0 0.023125 0.003906 0.018125 0.996094 0.02875 0.996094 0.031875 0.007812
3 0.82875 0.789062 0.823125 0.792969 0.8225 0.800781 0.8225 0.855469 0.818125 0.917969 0.81875 0.949219 0.824375 0.957031 0.83 0.925781 0.83125 0.898438 0.830625 0.875 0.8325 0.84375
3 0.680625 0.9375 0.6825 0.996094 0.744375 0.996094 0.75625 0.90625 0.77 0.996094 0.814375 0.996094 0.789375 0.75 0.7475 0.65625 0.725 0.832031 0.7 0.84375
3 0.916875 0.605469 0.90625 0.542969 0.89 0.515625 0.880625 0.417969 0.858125 0.511719 0.849375 0.476562 0.836875 0.488281 0.791875 0.632812 0.82125 0.742188 0.860625 0.605469 0.878125 0.757812 0.88625 0.699219 0.910625 0.664062
