2 0.80375 0.015625 0.79625 0.015625 0.798125 0.605469 0.804375 0.558594
2 0.563125 0.007812 0.564375 0.996094 0.571875 0.996094 0.571875 0.007812
2 0.445625 0.007812 0.4375 0.011719 0.435 0.996094 0.44875 0.996094
2 0.6625 0.003906 0.661875 0.625 0.670625 0.636719 0.673125 0.007812
2 0.26 0.003906 0.25125 0.003906 0.2525 0.996094 0.259375 0.988281
2 0.12 0.003906 0.109375 0.003906 0.1075 0.839844 0.1175 0.820312
2 0.0475 0.003906 0.05125 0.761719 0.056875 0.75 0.0575 0.011719
2 0.704375 0.003906 0.704375 0.996094 0.71625 0.996094 0.719375 0.007812
2 0.610625 0.0 0.61 0.996094 0.635 0.976562 0.636875 0.023438
2 0.474375 0.0 0.47375 0.996094 0.533125 0.996094 0.536875 0.019531
2 0.131875 0.0 0.13125 0.996094 0.14625 0.996094 0.14875 0.003906
