2 0.585625 0.484375 0.585 0.996094 0.595 0.996094 0.595625 0.484375
2 0.635 0.445312 0.6275 0.449219 0.626875 0.976562 0.635 0.976562
2 0.51375 0.292969 0.51375 0.929688 0.525 0.933594 0.525625 0.304688
2 0.70875 0.136719 0.713125 0.996094 0.72125 0.996094 0.72 0.132812
2 0.358125 0.121094 0.36 0.996094 0.371875 0.996094 0.36625 0.125
2 0.52875 0.035156 0.531875 0.550781 0.53875 0.527344 0.5375 0.046875
2 0.8275 0.007812 0.8175 0.007812 0.818125 0.746094 0.82625 0.71875
2 0.779375 0.007812 0.77 0.015625 0.77 0.601562 0.783125 0.582031
2 0.510625 0.007812 0.489375 0.007812 0.49 0.953125 0.495 0.957031 0.50875 0.871094
2 0.67625 0.003906 0.665 0.003906 0.659375 0.121094 0.6575 0.683594 0.665 0.683594 0.675625 0.601562
2 0.625625 0.003906 0.61375 0.015625 0.61375 0.589844 0.624375 0.59375
2 0.68625 0.0 0.680625 0.003906 0.685625 0.996094 0.691875 0.996094 0.693125 0.003906
