2 0.570625 0.675781 0.559375 0.667969 0.551875 0.71875 0.5625 0.75
2 0.833125 0.648438 0.834375 0.75 0.845625 0.738281 0.84625 0.652344
2 0.431875 0.601562 0.4325 0.691406 0.446875 0.695312 0.4475 0.597656
2 0.5425 0.59375 0.534375 0.679688 0.546875 0.707031 0.55375 0.613281
2 0.539375 0.464844 0.539375 0.542969 0.56375 0.578125 0.56375 0.492188
2 0.554375 0.332031 0.551875 0.40625 0.565625 0.410156 0.568125 0.347656
2 0.85 0.289062 0.850625 0.367188 0.863125 0.359375 0.863125 0.289062
2 0.553125 0.203125 0.551875 0.269531 0.564375 0.285156 0.563125 0.210938
2 0.60125 0.160156 0.5825 0.179688 0.580625 0.265625 0.596875 0.25 0.601875 0.183594
2 0.42 0.152344 0.420625 0.277344 0.439375 0.265625 0.441875 0.160156
