2 0.376875 0.589844 0.37625 0.996094 0.38375 0.996094 0.385625 0.59375
2 0.331875 0.011719 0.32875 0.925781 0.34125 0.933594 0.33875 0.011719
2 0.524375 0.003906 0.51875 0.003906 0.52 0.304688 0.52625 0.289062
2 0.415625 0.003906 0.4125 0.996094 0.4325 0.992188 0.433125 0.003906
2 0.09375 0.003906 0.105 0.996094 0.130625 0.996094 0.12625 0.835938 0.155625 0.609375 0.160625 0.007812
2 0.646875 0.0 0.64625 0.996094 0.658125 0.996094 0.658125 0.011719 0.64875 0.003906 0.65875 0.0
2 0.389375 0.007812 0.39375 0.996094 0.4025 0.996094 0.39875 0.003906 0.403125 0.0
2 0.360625 0.0 0.36 0.996094 0.368125 0.996094 0.365 0.003906 0.36875 0.0
2 0.246875 0.0 0.24625 0.996094 0.263125 0.996094 0.265625 0.019531 0.295625 0.996094 0.278125 0.015625
2 0.0675 0.0 0.056875 0.992188 0.075 0.996094 0.08125 0.003906
2 0.06375 0.007812 0.025 0.0 0.015 0.992188 0.0325 0.996094 0.043125 0.179688 0.059375 0.140625
