0 0.350625 0.875 0.335 0.878906 0.33375 0.996094 0.349375 0.996094
0 0.290625 0.875 0.271875 0.917969 0.2675 0.996094 0.29 0.996094
0 0.126875 0.816406 0.116875 0.847656 0.1125 0.953125 0.11375 0.964844 0.12625 0.992188
0 0.066875 0.757812 0.063125 0.886719 0.075 0.886719 0.0775 0.761719
0 0.123125 0.609375 0.1225 0.71875 0.134375 0.734375 0.13375 0.609375
0 0.32 0.558594 0.31875 0.679688 0.333125 0.679688 0.32875 0.558594
0 0.33625 0.484375 0.336875 0.617188 0.35 0.613281 0.34875 0.488281
0 0.65375 0.339844 0.653125 0.46875 0.66625 0.476562 0.665625 0.335938
0 0.709375 0.296875 0.685 0.335938 0.68 0.632812 0.689375 0.640625 0.693125 0.554688 0.709375 0.554688
2 0.195625 0.640625 0.198125 0.726562 0.2075 0.761719 0.214375 0.757812 0.21375 0.671875
2 0.27 0.484375 0.261875 0.5 0.253125 0.550781 0.26375 0.621094 0.26375 0.726562 0.274375 0.699219 0.27875 0.628906 0.2775 0.542969 0.275625 0.515625
2 0.3875 0.328125 0.379375 0.257812 0.375 0.25 0.359375 0.265625 0.354375 0.347656 0.371875 0.351562 0.381875 0.390625 0.38375 0.382812
2 0.275 0.355469 0.26375 0.261719 0.240625 0.238281 0.230625 0.191406 0.200625 0.214844 0.18875 0.273438 0.19 0.34375 0.2 0.375 0.201875 0.421875 0.19375 0.433594 0.19125 0.488281 0.208125 0.484375 0.219375 0.425781 0.231875 0.46875 0.26125 0.460938 0.271875 0.410156
2 0.375625 0.101562 0.378125 0.148438 0.395 0.175781 0.4025 0.152344 0.406875 0.089844 0.403125 0.078125 0.399375 0.089844 0.385 0.066406
