2 0.526875 0.453125 0.530625 0.941406 0.5325 0.945312
2 0.58125 0.285156 0.581875 0.46875 0.585625 0.476562 0.583125 0.3125
2 0.598125 0.222656 0.6 0.5 0.6025 0.511719 0.600625 0.285156
2 0.62125 0.140625 0.6125 0.1875 0.615625 0.511719 0.623125 0.460938 0.625625 0.148438
2 0.558125 0.039062 0.5625 0.371094 0.565 0.367188 0.560625 0.066406 0.56 0.042969
2 0.5075 0.015625 0.515 0.957031 0.51875 0.988281
3 0.7275 0.878906 0.7225 0.90625 0.714375 0.929688 0.715625 0.949219 0.719375 0.945312 0.724375 0.929688 0.72875 0.910156 0.729375 0.898438
3 0.699375 0.835938 0.7 0.835938 0.700625 0.839844 0.7025 0.839844 0.703125 0.84375 0.70375 0.84375 0.70375 0.839844 0.704375 0.835938 0.704375 0.832031 0.705 0.828125 0.705 0.824219 0.700625 0.824219 0.7 0.828125 0.7 0.832031
3 0.6625 0.800781 0.6625 0.820312 0.665625 0.839844 0.673125 0.824219 0.670625 0.808594 0.670625 0.804688 0.6675 0.789062 0.664375 0.789062
3 0.751875 0.742188 0.749375 0.71875 0.74125 0.746094 0.723125 0.761719 0.72125 0.78125 0.728125 0.769531 0.740625 0.78125 0.74875 0.761719
3 0.30375 0.699219 0.301875 0.714844 0.301875 0.75 0.3025 0.757812 0.306875 0.765625 0.309375 0.746094 0.31 0.722656 0.30625 0.703125
3 0.326875 0.402344 0.314375 0.707031 0.323125 0.777344 0.333125 0.785156 0.34 0.816406 0.338125 0.71875 0.33125 0.652344 0.334375 0.640625 0.329375 0.570312 0.33125 0.554688 0.33 0.441406
3 0.33 0.289062 0.326875 0.347656 0.330625 0.363281 0.3325 0.410156 0.3375 0.445312 0.34375 0.4375 0.3475 0.394531 0.3475 0.367188 0.349375 0.347656 0.335625 0.296875
3 0.796875 0.246094 0.80125 0.300781 0.801875 0.324219 0.80375 0.351562 0.80375 0.363281 0.803125 0.292969
3 0.328125 0.238281 0.345625 0.210938 0.356875 0.238281 0.36125 0.207031 0.358125 0.167969 0.34125 0.128906 0.34 0.136719 0.344375 0.171875
3 0.7725 0.015625 0.80625 0.269531 0.823125 0.660156 0.83375 0.703125 0.849375 0.457031 0.859375 0.457031 0.87625 0.777344 0.904375 0.859375 0.905625 0.8125 0.895625 0.824219 0.85625 0.425781 0.84125 0.433594 0.830625 0.585938 0.799375 0.09375 0.7875 0.011719
3 0.72625 0.007812 0.725 0.109375 0.730625 0.15625 0.735 0.148438 0.73625 0.171875 0.739375 0.183594 0.749375 0.1875 0.74875 0.164062 0.75375 0.117188 0.753125 0.082031 0.74875 0.066406 0.749375 0.011719
