0 0.25125 0.929688 0.25125 0.996094 0.26125 0.996094 0.26375 0.992188 0.265625 0.929688
0 0.086875 0.664062 0.08125 0.828125 0.100625 0.835938 0.100625 0.664062
0 0.215625 0.648438 0.21625 0.75 0.229375 0.753906 0.2325 0.652344
0 0.115625 0.597656 0.11375 0.8125 0.130625 0.800781 0.135 0.605469
0 0.28125 0.582031 0.27 0.589844 0.263125 0.726562 0.28 0.722656
0 0.255625 0.542969 0.2375 0.550781 0.2375 0.71875 0.25125 0.722656
0 0.304375 0.507812 0.285 0.527344 0.283125 0.730469 0.300625 0.730469
0 0.173125 0.476562 0.175625 0.648438 0.190625 0.667969 0.189375 0.480469
0 0.25 0.347656 0.250625 0.523438 0.26625 0.527344 0.2675 0.347656
0 0.19 0.214844 0.17375 0.21875 0.174375 0.363281 0.186875 0.367188
0 0.2175 0.175781 0.21875 0.308594 0.235625 0.332031 0.233125 0.167969
0 0.1975 0.03125 0.18625 0.039062 0.185 0.167969 0.19625 0.167969
