2 0.64875 0.304688 0.634375 0.3125 0.628125 0.398438 0.638125 0.523438 0.625625 0.726562 0.629375 0.996094 0.65625 0.980469 0.66 0.355469
2 0.5775 0.007812 0.57875 0.996094 0.58625 0.996094 0.588125 0.007812
2 0.463125 0.007812 0.449375 0.011719 0.45 0.996094 0.458125 0.996094
2 0.519375 0.003906 0.51125 0.007812 0.515 0.035156 0.505 0.996094 0.515 0.996094
2 0.6 0.0 0.610625 0.003906 0.596875 0.019531 0.599375 0.996094 0.613125 0.996094 0.61375 0.0
2 0.398125 0.0 0.3975 0.996094 0.4225 0.996094 0.425625 0.003906
2 0.35875 0.0 0.358125 0.996094 0.36875 0.996094 0.369375 0.003906
2 0.29625 0.0 0.295625 0.996094 0.308125 0.996094 0.308125 0.015625 0.2975 0.003906 0.30875 0.0
2 0.14375 0.0 0.15 0.003906 0.144375 0.007812 0.143125 0.996094 0.1525 0.996094 0.154375 0.003906
2 0.074375 0.0 0.07375 0.996094 0.089375 0.996094 0.09 0.0
