0 0.29625 0.800781 0.296875 0.914062 0.3075 0.914062 0.308125 0.800781
0 0.22 0.746094 0.2 0.777344 0.194375 0.914062 0.1975 0.914062 0.22125 0.859375
0 0.115 0.71875 0.11875 0.777344 0.12375 0.800781 0.134375 0.894531 0.14375 0.820312 0.125625 0.71875
0 0.07625 0.648438 0.070625 0.644531 0.05875 0.71875 0.055625 0.859375 0.0625 0.890625 0.07 0.84375 0.08 0.875
0 0.0925 0.640625 0.09375 0.789062 0.103125 0.792969 0.106875 0.640625
0 0.271875 0.394531 0.275625 0.566406 0.286875 0.574219 0.28625 0.40625
0 0.1125 0.351562 0.1075 0.460938 0.118125 0.5 0.120625 0.585938 0.12875 0.601562 0.1425 0.601562 0.1375 0.359375
0 0.156875 0.289062 0.14125 0.296875 0.145 0.410156 0.1525 0.410156
0 0.080625 0.226562 0.060625 0.246094 0.06125 0.347656 0.079375 0.351562
0 0.115 0.144531 0.10375 0.167969 0.105625 0.269531 0.116875 0.273438
0 0.115 0.003906 0.12125 0.292969 0.134375 0.296875 0.138125 0.003906
2 0.22875 0.003906 0.2325 0.085938 0.249375 0.179688 0.25375 0.152344 0.265 0.171875 0.281875 0.140625 0.2825 0.003906
