2 0.23875 0.472656 0.229375 0.519531 0.231875 0.65625 0.228125 0.886719 0.231875 0.957031 0.2425 0.949219 0.245 0.894531 0.24125 0.789062 0.2425 0.539062
2 0.26625 0.46875 0.268125 0.640625 0.281875 0.613281 0.28 0.46875
2 0.2 0.464844 0.2 0.707031 0.204375 0.9375 0.209375 0.917969 0.2125 0.839844 0.208125 0.699219 0.2075 0.46875
2 0.363125 0.5 0.351875 0.453125 0.304375 0.492188 0.30375 0.640625 0.310625 0.679688 0.33375 0.644531 0.35875 0.632812
2 0.14625 0.453125 0.14375 0.59375 0.145625 0.664062 0.151875 0.695312 0.1575 0.605469 0.151875 0.449219
2 0.510625 0.445312 0.503125 0.46875 0.501875 0.640625 0.50375 0.679688 0.518125 0.671875 0.525 0.636719 0.528125 0.601562 0.52125 0.488281
2 0.413125 0.394531 0.41 0.488281 0.41 0.558594 0.416875 0.640625 0.4225 0.605469 0.4225 0.550781 0.4175 0.398438
2 0.440625 0.390625 0.435 0.433594 0.431875 0.527344 0.435625 0.636719 0.439375 0.640625 0.463125 0.601562 0.46875 0.519531 0.454375 0.402344
2 0.41375 0.019531 0.409375 0.039062 0.40875 0.21875 0.41 0.300781 0.414375 0.34375 0.421875 0.324219 0.42375 0.15625 0.423125 0.101562
2 0.519375 0.015625 0.5 0.035156 0.499375 0.1875 0.514375 0.265625 0.521875 0.253906 0.524375 0.074219
2 0.191875 0.003906 0.19625 0.183594 0.223125 0.3125 0.228125 0.183594 0.231875 0.289062 0.244375 0.222656 0.248125 0.332031 0.26875 0.25 0.298125 0.394531 0.3025 0.238281 0.305625 0.328125 0.316875 0.285156 0.324375 0.402344 0.3375 0.210938 0.350625 0.292969 0.37625 0.167969 0.38625 0.324219 0.39125 0.003906
2 0.1425 0.003906 0.139375 0.113281 0.141875 0.292969 0.149375 0.300781 0.155625 0.003906
2 0.140625 0.003906 0.125625 0.003906 0.12375 0.089844 0.128125 0.175781 0.1375 0.152344
