0 0.336875 0.859375 0.31875 0.863281 0.314375 0.996094 0.33625 0.996094
0 0.270625 0.765625 0.24625 0.769531 0.243125 0.851562 0.2325 0.882812 0.2325 0.996094 0.27625 0.996094
0 0.34375 0.714844 0.341875 0.871094 0.351875 0.867188 0.3575 0.714844
0 0.321875 0.675781 0.31125 0.683594 0.309375 0.804688 0.320625 0.800781
0 0.194375 0.617188 0.190625 0.75 0.20375 0.746094 0.2025 0.617188
0 0.195 0.410156 0.19625 0.558594 0.21375 0.601562 0.210625 0.429688
0 0.229375 0.335938 0.2125 0.371094 0.22625 0.632812 0.2425 0.601562
0 0.330625 0.289062 0.330625 0.394531 0.3425 0.394531 0.339375 0.292969
0 0.246875 0.246094 0.250625 0.332031 0.265 0.324219 0.263125 0.242188
0 0.306875 0.160156 0.309375 0.265625 0.321875 0.265625 0.3175 0.15625
0 0.166875 0.128906 0.15 0.148438 0.151875 0.410156 0.16625 0.410156
0 0.1425 0.007812 0.14125 0.09375 0.151875 0.097656 0.151875 0.011719
0 0.064375 0.003906 0.065 0.117188 0.07875 0.132812 0.080625 0.015625
