0 0.1175 0.886719 0.121875 0.964844 0.1325 0.996094 0.141875 0.992188 0.1325 0.910156
0 0.16125 0.535156 0.14375 0.542969 0.140625 0.726562 0.1575 0.71875
0 0.375625 0.367188 0.38375 0.539062 0.38875 0.539062 0.39375 0.511719 0.39375 0.421875
0 0.001875 0.367188 0.000625 0.449219 0.004375 0.460938 0.0125 0.5625 0.020625 0.5625 0.02125 0.46875
0 0.73 0.246094 0.724375 0.308594 0.724375 0.453125 0.728125 0.492188 0.734375 0.503906 0.73625 0.457031 0.734375 0.277344
0 0.1125 0.191406 0.115 0.324219 0.133125 0.328125 0.128125 0.191406
0 0.76125 0.132812 0.765625 0.234375 0.780625 0.242188 0.7725 0.121094
0 0.705 0.085938 0.685 0.132812 0.6875 0.292969 0.690625 0.308594 0.705625 0.324219 0.709375 0.292969
0 0.733125 0.058594 0.733125 0.167969 0.748125 0.171875 0.74625 0.054688
0 0.839375 0.003906 0.79125 0.011719 0.789375 0.125 0.80125 0.132812 0.805625 0.082031 0.820625 0.101562 0.83625 0.085938 0.839375 0.0625
