0 0.300625 0.675781 0.281875 0.683594 0.2825 0.855469 0.29875 0.851562
0 0.335 0.65625 0.318125 0.695312 0.31375 0.773438 0.300625 0.824219 0.31 0.898438 0.321875 0.945312 0.32625 0.917969 0.335625 0.792969
0 0.084375 0.574219 0.084375 0.660156 0.099375 0.667969 0.098125 0.582031
0 0.401875 0.542969 0.39125 0.554688 0.396875 0.675781 0.404375 0.671875
0 0.796875 0.535156 0.798125 0.648438 0.809375 0.648438 0.81 0.535156
0 0.349375 0.429688 0.33625 0.449219 0.336875 0.609375 0.350625 0.617188
0 0.794375 0.261719 0.7925 0.488281 0.805 0.488281 0.80375 0.261719
0 0.36 0.234375 0.3625 0.367188 0.370625 0.359375 0.37125 0.234375
0 0.77125 0.179688 0.774375 0.277344 0.7825 0.277344 0.778125 0.175781
0 0.755 0.09375 0.753125 0.203125 0.765 0.199219 0.763125 0.09375
