0 0.32 0.761719 0.29625 0.800781 0.295625 0.933594 0.315625 0.921875
0 0.0525 0.75 0.050625 0.921875 0.065 0.925781 0.064375 0.757812
0 0.28125 0.722656 0.28125 0.785156 0.281875 0.789062 0.281875 0.847656 0.28875 0.835938 0.289375 0.753906
0 0.116875 0.703125 0.09875 0.730469 0.1025 0.847656 0.119375 0.84375 0.12 0.746094
0 0.17625 0.664062 0.175 0.789062 0.18875 0.78125 0.186875 0.675781
0 0.331875 0.335938 0.316875 0.328125 0.285625 0.457031 0.27375 0.398438 0.26875 0.488281 0.269375 0.59375 0.273125 0.644531 0.296875 0.640625 0.31375 0.574219 0.32375 0.589844 0.339375 0.484375
0 0.090625 0.289062 0.073125 0.308594 0.07375 0.4375 0.08375 0.4375
0 0.175625 0.265625 0.15 0.265625 0.155625 0.5 0.17375 0.449219
0 0.185625 0.167969 0.1875 0.285156 0.195625 0.28125 0.195625 0.167969
0 0.180625 0.152344 0.17 0.160156 0.170625 0.246094 0.180625 0.246094
0 0.31375 0.070312 0.3 0.113281 0.295625 0.277344 0.311875 0.261719
