0 0.800625 0.683594 0.789375 0.710938 0.790625 0.78125 0.799375 0.777344
0 0.165 0.640625 0.16625 0.789062 0.17625 0.792969 0.179375 0.644531
0 0.284375 0.613281 0.28625 0.78125 0.296875 0.78125 0.300625 0.613281
0 0.2175 0.59375 0.215625 0.769531 0.2325 0.78125 0.233125 0.597656
0 0.08375 0.511719 0.0825 0.621094 0.095 0.632812 0.094375 0.511719
0 0.693125 0.492188 0.679375 0.511719 0.68 0.59375 0.6925 0.574219
0 0.92875 0.25 0.914375 0.253906 0.915625 0.359375 0.926875 0.359375
0 0.156875 0.195312 0.15625 0.339844 0.168125 0.351562 0.16875 0.199219
0 0.23375 0.132812 0.233125 0.207031 0.245 0.207031 0.245 0.132812
2 0.835 0.015625 0.80125 0.027344 0.80625 0.484375 0.84 0.410156
