0 0.320625 0.808594 0.30125 0.816406 0.30125 0.988281 0.320625 0.992188
0 0.3775 0.761719 0.374375 0.847656 0.3875 0.847656 0.3875 0.761719
0 0.486875 0.722656 0.48625 0.804688 0.49875 0.8125 0.499375 0.734375
0 0.278125 0.699219 0.276875 0.996094 0.29125 0.996094 0.290625 0.699219
0 0.32 0.632812 0.320625 0.726562 0.331875 0.730469 0.331875 0.632812
0 0.363125 0.609375 0.354375 0.609375 0.3525 0.6875 0.35875 0.695312
0 0.27375 0.511719 0.270625 0.609375 0.285 0.605469 0.284375 0.511719
0 0.2975 0.242188 0.28125 0.261719 0.2825 0.363281 0.296875 0.367188
0 0.389375 0.070312 0.393125 0.164062 0.4025 0.148438 0.401875 0.070312
0 0.264375 0.039062 0.26625 0.105469 0.27625 0.105469 0.27625 0.035156
0 0.2775 0.0 0.288125 0.0 0.29125 0.132812 0.301875 0.148438 0.305 0.003906
