2 0.141875 0.011719 0.13625 0.011719 0.1375 0.625 0.1475 0.613281
2 0.7925 0.003906 0.7975 0.746094 0.80375 0.738281 0.8025 0.007812
2 0.704375 0.003906 0.70625 0.992188 0.71625 0.996094 0.71875 0.003906
2 0.439375 0.003906 0.44625 0.996094 0.453125 0.996094 0.45125 0.019531
2 0.426875 0.003906 0.42625 0.78125 0.435625 0.78125 0.433125 0.003906
2 0.104375 0.003906 0.105625 0.578125 0.1125 0.578125 0.115 0.003906
2 0.671875 0.0 0.66 0.007812 0.66125 0.996094 0.67125 0.996094
2 0.595625 0.003906 0.60125 0.996094 0.616875 0.996094 0.621875 0.011719
2 0.55375 0.0 0.5575 0.074219 0.553125 0.996094 0.565625 0.996094 0.565625 0.011719
2 0.52125 0.0 0.520625 0.996094 0.54125 0.996094 0.53375 0.007812 0.526875 0.003906 0.541875 0.0
2 0.47375 0.0 0.473125 0.996094 0.508125 0.996094 0.50875 0.0
