2 0.88375 0.664062 0.884375 0.996094 0.893125 0.996094 0.894375 0.664062
2 0.8275 0.449219 0.814375 0.449219 0.81625 0.867188 0.826875 0.847656
2 0.746875 0.289062 0.746875 0.996094 0.755625 0.988281 0.753125 0.289062
2 0.72 0.171875 0.716875 0.175781 0.7175 0.992188 0.725625 0.992188
2 0.733125 0.015625 0.73 0.863281 0.73875 0.796875 0.740625 0.023438
2 0.768125 0.007812 0.765625 0.992188 0.786875 0.992188 0.784375 0.640625 0.778125 0.636719 0.778125 0.007812
2 0.57375 0.007812 0.570625 0.996094 0.586875 0.996094 0.5925 0.574219 0.606875 0.640625 0.604375 0.429688 0.614375 0.433594 0.61875 0.992188 0.675 0.996094 0.680625 0.007812
2 0.545 0.007812 0.535625 0.011719 0.535625 0.71875 0.545 0.714844
2 0.706875 0.003906 0.709375 0.277344 0.715625 0.292969 0.715625 0.011719
2 0.90625 0.0 0.905625 0.996094 0.9125 0.996094 0.914375 0.003906
2 0.861875 0.0 0.86125 0.996094 0.871875 0.996094 0.87625 0.011719
