0 0.145 0.917969 0.146875 0.996094 0.156875 0.996094 0.1575 0.925781
0 0.678125 0.890625 0.668125 0.917969 0.66875 0.996094 0.680625 0.996094
0 0.883125 0.878906 0.88375 0.992188 0.89875 0.976562 0.8975 0.882812
0 0.8525 0.757812 0.855625 0.832031 0.865 0.828125 0.8625 0.757812
0 0.690625 0.683594 0.688125 0.835938 0.703125 0.820312 0.700625 0.691406
0 0.814375 0.664062 0.81625 0.773438 0.83 0.78125 0.82375 0.640625
0 0.02125 0.582031 0.02375 0.667969 0.03125 0.675781 0.03125 0.582031
0 0.46375 0.28125 0.461875 0.363281 0.48 0.378906 0.48 0.289062
0 0.518125 0.195312 0.5175 0.398438 0.53125 0.394531 0.5275 0.195312
0 0.315 0.003906 0.3125 0.066406 0.323125 0.066406 0.324375 0.003906
2 0.366875 0.003906 0.344375 0.027344 0.336875 0.070312 0.329375 0.175781 0.334375 0.234375 0.340625 0.230469 0.358125 0.167969 0.36375 0.097656
