2 0.015625 0.546875 0.015625 0.738281 0.03625 0.742188 0.038125 0.578125
2 0.086875 0.585938 0.088125 0.703125 0.10125 0.734375 0.123125 0.734375 0.12375 0.566406 0.0975 0.542969
2 0.335625 0.515625 0.33625 0.6875 0.350625 0.679688 0.3525 0.515625
2 0.29125 0.503906 0.29 0.730469 0.3225 0.746094 0.32625 0.660156 0.323125 0.5
2 0.4775 0.496094 0.451875 0.519531 0.455 0.703125 0.47875 0.6875
2 0.58625 0.484375 0.573125 0.503906 0.570625 0.699219 0.58625 0.683594
2 0.639375 0.480469 0.620625 0.484375 0.62375 0.667969 0.638125 0.664062
2 0.391875 0.480469 0.39 0.757812 0.409375 0.753906 0.414375 0.496094
2 0.563125 0.472656 0.545 0.484375 0.549375 0.671875 0.56125 0.660156
2 0.77125 0.464844 0.750625 0.46875 0.7525 0.683594 0.7725 0.660156
2 0.721875 0.457031 0.696875 0.472656 0.693125 0.683594 0.72 0.65625
2 0.88 0.449219 0.86 0.453125 0.8575 0.679688 0.8775 0.644531
2 0.8425 0.449219 0.8225 0.464844 0.81625 0.675781 0.84 0.65625
2 0.17625 0.449219 0.17375 0.722656 0.195 0.71875 0.204375 0.6875 0.20875 0.714844 0.219375 0.714844 0.22375 0.671875 0.23875 0.664062 0.23875 0.554688 0.233125 0.53125 0.214375 0.519531
2 0.968125 0.429688 0.9725 0.652344 0.995 0.652344 0.99125 0.441406
2 0.92 0.414062 0.91875 0.625 0.95 0.636719 0.9475 0.453125
