0 0.84125 0.761719 0.84125 0.902344 0.85875 0.898438 0.855 0.757812
0 0.728125 0.726562 0.72875 0.898438 0.74125 0.890625 0.74 0.726562
0 0.235625 0.496094 0.2325 0.675781 0.24875 0.679688 0.255625 0.503906
0 0.861875 0.429688 0.860625 0.605469 0.8725 0.601562 0.87125 0.429688
0 0.178125 0.429688 0.18125 0.53125 0.1925 0.582031 0.194375 0.507812 0.188125 0.421875
0 0.510625 0.335938 0.5125 0.464844 0.520625 0.464844 0.523125 0.335938
0 0.188125 0.335938 0.19125 0.429688 0.19875 0.429688 0.201875 0.335938
0 0.1975 0.210938 0.184375 0.21875 0.188125 0.316406 0.20125 0.308594
0 0.451875 0.042969 0.443125 0.050781 0.445 0.191406 0.45375 0.152344
0 0.188125 0.027344 0.176875 0.03125 0.175 0.171875 0.191875 0.164062
