2 0.32375 0.652344 0.316875 0.683594 0.30875 0.820312 0.306875 0.996094 0.31625 0.996094 0.32625 0.9375
2 0.92125 0.632812 0.918125 0.996094 0.92875 0.996094 0.93125 0.636719
2 0.998125 0.417969 0.991875 0.417969 0.97375 0.507812 0.945625 0.53125 0.944375 0.996094 0.999375 0.996094
2 0.9125 0.316406 0.904375 0.3125 0.891875 0.390625 0.89 0.996094 0.9125 0.996094
2 0.250625 0.179688 0.243125 0.179688 0.2375 0.949219 0.2375 0.992188 0.245 0.996094 0.246875 0.796875 0.26 0.691406 0.261875 0.34375 0.25125 0.328125
2 0.29375 0.175781 0.28625 0.996094 0.301875 0.996094 0.31 0.304688 0.306875 0.183594
2 0.325 0.171875 0.3175 0.207031 0.31375 0.617188 0.326875 0.597656 0.33 0.242188
2 0.166875 0.011719 0.15625 0.996094 0.165625 0.972656 0.17625 0.042969
2 0.0625 0.007812 0.06125 0.996094 0.07125 0.996094 0.075625 0.007812
2 0.219375 0.003906 0.209375 0.003906 0.2 0.738281 0.211875 0.730469
2 0.195 0.003906 0.185625 0.007812 0.185 0.390625 0.194375 0.371094
