0 0.168125 0.46875 0.165625 0.574219 0.174375 0.578125 0.17625 0.472656
0 0.249375 0.429688 0.250625 0.5625 0.2625 0.5625 0.26125 0.429688
0 0.14625 0.351562 0.146875 0.453125 0.15625 0.457031 0.15375 0.347656
0 0.82125 0.25 0.8075 0.265625 0.80375 0.402344 0.82125 0.394531
0 0.178125 0.226562 0.178125 0.433594 0.1925 0.4375 0.188125 0.226562
0 0.19125 0.183594 0.19375 0.359375 0.204375 0.359375 0.201875 0.191406
0 0.29 0.03125 0.280625 0.050781 0.279375 0.191406 0.2925 0.191406
0 0.778125 0.015625 0.769375 0.050781 0.771875 0.1875 0.7825 0.1875
0 0.315 0.007812 0.300625 0.015625 0.30375 0.128906 0.313125 0.121094
0 0.826875 0.003906 0.815625 0.015625 0.816875 0.152344 0.8275 0.152344
