2 0.368125 0.222656 0.36875 0.734375 0.374375 0.734375 0.375 0.226562
2 0.4175 0.089844 0.408125 0.089844 0.410625 0.699219 0.416875 0.691406
2 0.38875 0.023438 0.39 0.757812 0.395625 0.757812 0.396875 0.027344
2 0.540625 0.003906 0.541875 0.996094 0.57125 0.996094 0.569375 0.003906
2 0.494375 0.003906 0.47125 0.003906 0.471875 0.894531 0.480625 0.882812 0.48375 0.292969 0.4925 0.285156
2 0.88 0.0 0.87625 0.003906 0.879375 0.996094 0.889375 0.996094 0.89125 0.003906
2 0.740625 0.0 0.74 0.996094 0.759375 0.980469 0.7625 0.003906
2 0.66125 0.0 0.660625 0.996094 0.673125 0.996094 0.67375 0.0
2 0.515625 0.0 0.515 0.996094 0.52625 0.996094 0.529375 0.003906
2 0.34875 0.0 0.348125 0.996094 0.360625 0.996094 0.36125 0.0
