2 0.521875 0.734375 0.51375 0.75 0.515 0.785156 0.518125 0.792969 0.51875 0.789062 0.52 0.789062 0.5225 0.78125 0.5225 0.753906 0.521875 0.75
2 0.510625 0.734375 0.510625 0.753906 0.51 0.757812 0.51 0.785156 0.510625 0.789062 0.510625 0.804688 0.51125 0.804688 0.511875 0.800781 0.511875 0.78125 0.5125 0.777344 0.5125 0.765625 0.511875 0.761719 0.511875 0.753906 0.51125 0.75 0.51125 0.742188 0.510625 0.738281
2 0.4925 0.734375 0.4925 0.738281 0.491875 0.742188 0.491875 0.75 0.49125 0.753906 0.49125 0.765625 0.490625 0.769531 0.490625 0.777344 0.49125 0.78125 0.49125 0.792969 0.491875 0.796875 0.491875 0.804688 0.4925 0.808594 0.4925 0.8125 0.4925 0.792969 0.493125 0.789062 0.493125 0.753906 0.4925 0.75
2 0.435 0.742188 0.434375 0.808594 0.44 0.820312 0.478125 0.816406 0.476875 0.71875 0.468125 0.730469 0.443125 0.71875
2 0.64375 0.707031 0.645625 0.761719 0.65125 0.769531 0.6525 0.738281 0.65 0.707031
2 0.665 0.699219 0.661875 0.734375 0.66375 0.769531 0.668125 0.765625 0.668125 0.730469
2 0.6275 0.695312 0.625625 0.71875 0.625625 0.726562 0.629375 0.769531 0.6325 0.730469 0.631875 0.726562 0.631875 0.71875 0.63125 0.714844 0.630625 0.699219
2 0.5925 0.6875 0.5875 0.71875 0.594375 0.769531 0.599375 0.734375 0.599375 0.699219
2 0.579375 0.675781 0.57875 0.679688 0.576875 0.679688 0.576875 0.6875 0.5775 0.691406 0.5775 0.710938 0.578125 0.714844 0.578125 0.722656 0.580625 0.746094 0.58375 0.695312 0.58125 0.675781
2 0.084375 0.652344 0.084375 0.867188 0.085625 0.867188 0.086875 0.820312 0.086875 0.683594
2 0.558125 0.644531 0.556875 0.671875 0.55625 0.722656 0.561875 0.742188 0.565 0.707031 0.565 0.683594 0.56375 0.683594 0.561875 0.675781 0.561875 0.644531
2 0.538125 0.640625 0.53625 0.660156 0.53625 0.667969 0.538125 0.6875 0.538125 0.695312 0.54 0.71875 0.543125 0.710938 0.54375 0.664062 0.543125 0.660156 0.543125 0.652344
2 0.513125 0.625 0.51 0.648438 0.510625 0.65625 0.510625 0.664062 0.511875 0.675781 0.511875 0.683594 0.5125 0.691406 0.515 0.691406 0.515625 0.6875 0.5175 0.6875
2 0.488125 0.601562 0.48625 0.617188 0.486875 0.683594 0.488125 0.695312 0.49125 0.703125 0.495625 0.667969 0.49375 0.632812 0.489375 0.601562
2 0.046875 0.605469 0.044375 0.851562 0.0475 0.894531 0.058125 0.960938 0.065 0.882812 0.069375 0.964844 0.073125 0.902344 0.08125 0.996094 0.083125 0.804688 0.08 0.625 0.0675 0.570312 0.06125 0.640625
2 0.620625 0.160156 0.62 0.179688 0.61875 0.191406 0.61875 0.203125 0.6225 0.230469 0.626875 0.199219
2 0.6325 0.117188 0.6275 0.117188 0.62375 0.140625 0.6275 0.167969 0.6325 0.144531
2 0.035625 0.023438 0.034375 0.199219 0.03875 0.246094 0.040625 0.234375 0.040625 0.179688 0.0425 0.21875 0.04375 0.210938 0.04375 0.152344 0.048125 0.089844 0.045625 0.027344
2 0.255 0.011719 0.23875 0.015625 0.2275 0.492188 0.230625 0.675781 0.220625 0.835938 0.220625 0.992188 0.236875 0.972656 0.245625 0.867188 0.255625 0.300781
3 0.8775 0.78125 0.843125 0.5 0.83375 0.5 0.80875 0.320312 0.779375 0.523438 0.75375 0.96875 0.840625 0.996094 0.871875 0.878906
