2 0.095 0.753906 0.094375 0.988281 0.0975 0.992188 0.098125 0.808594 0.0975 0.757812
2 0.455 0.707031 0.454375 0.90625 0.455 0.917969 0.4575 0.925781 0.456875 0.707031
2 0.35375 0.367188 0.353125 0.613281 0.35625 0.625
2 0.935625 0.125 0.935625 0.605469 0.94125 0.605469 0.94 0.125
2 0.738125 0.109375 0.74 0.703125 0.7425 0.113281
2 0.35875 0.027344 0.3575 0.945312 0.365 0.980469 0.365625 0.03125
2 0.86625 0.019531 0.868125 0.042969 0.86625 0.203125 0.87125 0.230469 0.873125 0.023438
2 0.108125 0.011719 0.109375 0.679688 0.11375 0.6875 0.115 0.007812
2 0.74875 0.003906 0.74875 0.179688 0.753125 0.183594 0.751875 0.007812
2 0.13 0.003906 0.130625 0.171875 0.134375 0.167969 0.1325 0.003906
3 0.5625 0.625 0.54625 0.609375 0.538125 0.679688 0.529375 0.707031 0.516875 0.722656 0.515 0.695312 0.510625 0.710938 0.51 0.765625 0.521875 0.824219 0.54 0.789062 0.549375 0.800781 0.555 0.832031 0.56375 0.835938 0.565 0.761719 0.5475 0.738281 0.56 0.699219
