2 0.59375 0.003906 0.598125 0.980469 0.606875 0.976562 0.60875 0.003906
2 0.459375 0.003906 0.451875 0.003906 0.451875 0.628906 0.46 0.613281
2 0.359375 0.003906 0.36125 0.550781 0.365625 0.550781 0.366875 0.003906
2 0.33 0.003906 0.320625 0.003906 0.320625 0.882812 0.33 0.878906
2 0.279375 0.003906 0.27125 0.027344 0.2575 0.996094 0.268125 0.996094
2 0.6275 0.0 0.651875 0.003906 0.633125 0.015625 0.63125 0.324219 0.63875 0.605469 0.620625 0.714844 0.64 0.851562 0.62 0.871094 0.61625 0.9375 0.62625 0.996094 0.656875 0.996094 0.6575 0.0
2 0.578125 0.007812 0.581875 0.996094 0.5875 0.996094 0.588125 0.0
2 0.3975 0.003906 0.4 0.996094 0.4325 0.996094 0.43625 0.003906
2 0.295625 0.0 0.295 0.996094 0.30875 0.996094 0.304375 0.003906 0.309375 0.0
2 0.145 0.0 0.144375 0.996094 0.153125 0.996094 0.155625 0.003906
2 0.075625 0.0 0.075 0.996094 0.09125 0.996094 0.091875 0.0
