2 0.264375 0.8125 0.26375 0.984375 0.268125 0.988281 0.2675 0.824219
2 0.57625 0.480469 0.575 0.484375 0.575 0.605469 0.57625 0.589844
2 0.15875 0.398438 0.159375 0.984375 0.16375 0.984375 0.16375 0.402344
2 0.295 0.332031 0.290625 0.347656 0.289375 0.726562 0.29375 0.628906 0.296875 0.367188
2 0.343125 0.28125 0.341875 0.28125 0.34125 0.285156 0.34 0.285156 0.338125 0.296875 0.338125 0.300781 0.33875 0.304688 0.33875 0.3125 0.339375 0.316406 0.340625 0.316406 0.34125 0.320312 0.3425 0.320312 0.3425 0.316406 0.343125 0.3125 0.343125 0.308594 0.344375 0.296875 0.344375 0.292969
2 0.29625 0.273438 0.295625 0.3125 0.299375 0.34375 0.298125 0.539062 0.333125 0.585938 0.3375 0.574219 0.336875 0.515625 0.329375 0.417969 0.328125 0.335938 0.305625 0.332031
2 0.851875 0.246094 0.849375 0.246094 0.85 0.359375 0.8525 0.34375
2 0.351875 0.238281 0.346875 0.421875 0.34875 0.625 0.356875 0.644531 0.365 0.742188 0.366875 0.613281 0.3625 0.476562 0.3625 0.246094 0.356875 0.339844
2 0.824375 0.210938 0.816875 0.222656 0.8175 0.476562 0.819375 0.476562 0.821875 0.445312 0.821875 0.390625 0.829375 0.382812 0.833125 0.359375 0.833125 0.273438 0.83125 0.257812 0.826875 0.25
2 0.30625 0.210938 0.30625 0.296875 0.308125 0.296875 0.30875 0.300781 0.30875 0.285156 0.308125 0.28125 0.308125 0.265625 0.3075 0.261719 0.3075 0.246094 0.306875 0.242188 0.306875 0.222656 0.30625 0.21875
2 0.785 0.1875 0.784375 0.484375 0.78625 0.550781 0.788125 0.277344 0.786875 0.203125
2 0.30625 0.007812 0.30625 0.113281 0.310625 0.257812 0.309375 0.015625
3 0.620625 0.566406 0.69125 0.585938 0.62 0.777344 0.62125 0.949219 0.744375 0.988281 0.72875 0.902344 0.64375 0.929688 0.62 0.851562 0.67375 0.726562 0.725625 0.777344 0.723125 0.691406 0.69875 0.609375 0.685625 0.375
3 0.63375 0.097656 0.64125 0.121094 0.635 0.140625 0.6475 0.210938 0.665625 0.210938 0.668125 0.265625 0.685625 0.347656 0.695625 0.300781 0.694375 0.160156 0.668125 0.125 0.65625 0.054688 0.64375 0.0625 0.64375 0.085938
