0 0.775625 0.816406 0.756875 0.875 0.75875 0.933594 0.78 0.910156
0 0.70125 0.660156 0.7025 0.839844 0.715625 0.847656 0.714375 0.664062
0 0.109375 0.648438 0.110625 0.808594 0.12375 0.816406 0.12375 0.660156
0 0.924375 0.644531 0.90375 0.6875 0.91375 0.898438 0.9275 0.894531
0 0.84625 0.59375 0.85125 0.804688 0.8675 0.828125 0.863125 0.601562
0 0.540625 0.574219 0.52375 0.589844 0.5175 0.800781 0.5375 0.839844
0 0.421875 0.328125 0.40875 0.34375 0.405625 0.464844 0.420625 0.464844
0 0.464375 0.09375 0.453125 0.089844 0.45125 0.171875 0.439375 0.167969 0.4375 0.300781 0.446875 0.300781 0.45125 0.171875 0.46375 0.15625
0 0.89125 0.003906 0.895625 0.230469 0.905625 0.230469 0.908125 0.085938 0.9075 0.019531
0 0.3875 0.003906 0.385625 0.160156 0.40125 0.167969 0.40375 0.003906
0 0.325625 0.003906 0.329375 0.089844 0.3375 0.082031 0.3375 0.007812
0 0.304375 0.003906 0.30375 0.058594 0.315 0.0625 0.31625 0.003906
2 0.433125 0.625 0.42875 0.628906 0.4125 0.746094 0.41375 0.828125 0.399375 0.878906 0.3975 0.925781 0.40875 0.996094 0.425 0.992188 0.435 0.792969 0.44625 0.691406
2 0.06 0.519531 0.026875 0.558594 0.03125 0.683594 0.014375 0.722656 0.01875 0.917969 0.045 0.972656 0.05625 0.953125 0.0625 0.820312
