2 0.79125 0.894531 0.78875 0.886719 0.7875 0.886719 0.785625 0.894531 0.7825 0.898438 0.78 0.90625 0.78 0.910156 0.780625 0.914062 0.780625 0.921875 0.78125 0.929688 0.781875 0.929688 0.783125 0.921875 0.79125 0.898438
2 0.274375 0.679688 0.270625 0.675781 0.26 0.722656 0.25875 0.75
2 0.29875 0.648438 0.25375 0.851562 0.254375 0.882812 0.26375 0.84375 0.26625 0.851562 0.30125 0.71875
2 0.85375 0.644531 0.853125 0.644531 0.85 0.660156 0.85 0.695312 0.8525 0.726562 0.855 0.722656
2 0.125 0.601562 0.11625 0.636719 0.115 0.644531 0.11375 0.660156 0.11375 0.671875 0.114375 0.671875
2 0.496875 0.414062 0.496875 0.421875 0.49625 0.425781 0.49625 0.433594 0.496875 0.4375 0.4975 0.4375 0.49875 0.445312 0.499375 0.441406 0.499375 0.4375 0.5 0.433594 0.5 0.429688 0.500625 0.425781 0.5 0.421875 0.499375 0.421875 0.49875 0.417969 0.498125 0.417969 0.4975 0.414062
2 0.1325 0.402344 0.113125 0.5 0.10375 0.589844 0.12 0.492188
2 0.994375 0.394531 0.99125 0.351562 0.980625 0.351562 0.978125 0.378906 0.97375 0.363281 0.95 0.371094 0.938125 0.40625 0.93375 0.4375 0.958125 0.476562 0.9925 0.414062
2 0.53 0.273438 0.525 0.289062 0.525 0.371094 0.52125 0.417969 0.52875 0.441406 0.538125 0.441406 0.54 0.382812 0.53375 0.371094 0.531875 0.359375 0.531875 0.300781
2 0.125625 0.234375 0.0975 0.390625 0.08125 0.511719
2 0.1175 0.117188 0.098125 0.222656 0.095625 0.25 0.095625 0.261719 0.09875 0.253906
2 0.113125 0.03125 0.103125 0.078125 0.095 0.148438 0.104375 0.097656
3 0.2525 0.023438 0.2525 0.066406 0.273125 0.289062 0.28625 0.363281 0.303125 0.402344 0.308125 0.367188 0.30875 0.296875 0.300625 0.273438 0.295625 0.300781 0.289375 0.28125 0.29 0.226562 0.280625 0.175781 0.285 0.152344 0.27625 0.097656 0.286875 0.09375 0.29 0.046875 0.2675 0.050781 0.256875 0.011719
