0 0.5375 0.878906 0.52375 0.894531 0.5225 0.996094 0.535 0.996094
0 0.58 0.789062 0.565 0.851562 0.563125 0.898438 0.5575 0.957031 0.560625 0.996094 0.5775 0.996094 0.57875 0.933594 0.586875 0.84375
0 0.531875 0.632812 0.529375 0.761719 0.541875 0.753906 0.54375 0.632812
0 0.50375 0.609375 0.5075 0.804688 0.519375 0.796875 0.511875 0.609375
0 0.545 0.441406 0.5525 0.617188 0.570625 0.609375 0.560625 0.460938
0 0.589375 0.394531 0.585625 0.6875 0.604375 0.679688 0.60375 0.394531
0 0.5375 0.003906 0.5375 0.132812 0.554375 0.160156 0.55625 0.09375 0.558125 0.203125 0.570625 0.207031 0.570625 0.03125 0.556875 0.03125 0.556875 0.003906
2 0.375 0.578125 0.3725 0.617188 0.373125 0.625 0.38 0.648438 0.386875 0.65625 0.389375 0.652344 0.391875 0.613281
2 0.3475 0.5625 0.339375 0.605469 0.33 0.628906 0.338125 0.710938 0.34875 0.710938 0.35625 0.671875 0.353125 0.648438 0.35125 0.578125
2 0.436875 0.53125 0.440625 0.585938 0.471875 0.636719 0.4775 0.613281 0.4775 0.5625 0.45375 0.527344
2 0.731875 0.398438 0.6925 0.433594 0.69 0.515625 0.6825 0.539062 0.6825 0.574219 0.68875 0.617188 0.699375 0.613281 0.70875 0.527344 0.724375 0.496094
