2 0.928125 0.996094 0.9225 0.902344 0.898125 0.929688 0.894375 0.996094
2 0.950625 0.730469 0.933125 0.71875 0.920625 0.796875 0.916875 0.847656 0.92125 0.875 0.940625 0.859375 0.9475 0.816406
2 0.920625 0.714844 0.9 0.707031 0.89 0.796875 0.893125 0.855469 0.900625 0.84375 0.915625 0.792969
2 0.039375 0.851562 0.041875 0.914062 0.065 0.941406 0.06875 0.996094 0.085625 0.996094 0.09625 0.96875 0.101875 0.832031 0.089375 0.734375 0.074375 0.707031 0.05 0.78125
2 0.8825 0.652344 0.863125 0.65625 0.845625 0.796875 0.85 0.835938 0.8575 0.855469 0.864375 0.816406 0.88625 0.75
2 0.9425 0.558594 0.9325 0.527344 0.916875 0.558594 0.910625 0.652344 0.914375 0.6875 0.924375 0.683594 0.936875 0.644531
2 0.91625 0.519531 0.9075 0.480469 0.889375 0.519531 0.88625 0.636719 0.895625 0.648438 0.899375 0.625 0.9025 0.585938 0.91125 0.578125
2 0.949375 0.355469 0.92875 0.355469 0.924375 0.488281 0.93375 0.476562 0.945 0.441406 0.955625 0.429688
2 0.91 0.351562 0.894375 0.371094 0.885 0.484375 0.895625 0.484375 0.91125 0.414062 0.911875 0.402344
2 0.894375 0.175781 0.875625 0.230469 0.873125 0.40625 0.881875 0.367188 0.9 0.328125
