2 0.29 0.699219 0.308125 0.8125 0.336875 0.851562 0.36625 0.847656 0.370625 0.671875 0.34875 0.601562 0.303125 0.605469
2 0.65 0.4375 0.64625 0.4375 0.6425 0.53125 0.639375 0.820312 0.64625 0.996094 0.658125 0.984375 0.661875 0.851562 0.6575 0.511719
2 0.66625 0.296875 0.64 0.222656 0.609375 0.238281 0.5975 0.289062 0.596875 0.378906 0.655 0.417969
2 0.43625 0.289062 0.45125 0.332031 0.495 0.328125 0.513125 0.285156 0.510625 0.21875 0.45 0.195312 0.4375 0.246094
2 0.6825 0.023438 0.679375 0.984375 0.695625 0.996094 0.701875 0.929688 0.704375 0.539062 0.698125 0.011719
2 0.531875 0.023438 0.538125 0.117188 0.5925 0.175781 0.63125 0.144531 0.643125 0.054688 0.62125 0.003906 0.545625 0.003906
2 0.355 0.003906 0.3625 0.140625 0.393125 0.117188 0.405 0.019531 0.400625 0.003906
2 0.238125 0.042969 0.23625 0.207031 0.26125 0.257812 0.29375 0.179688 0.29875 0.011719 0.251875 0.003906
2 0.065 0.003906 0.0625 0.046875 0.068125 0.367188 0.065625 0.84375 0.070625 0.992188 0.0775 0.925781 0.0775 0.601562 0.085625 0.417969 0.08625 0.019531
2 0.014375 0.003906 0.01375 0.261719 0.018125 0.355469 0.025 0.382812 0.029375 0.25 0.03 0.035156 0.025 0.003906
