2 0.866875 0.269531 0.866875 0.304688 0.86875 0.316406 0.86875 0.308594 0.869375 0.304688 0.869375 0.292969 0.87 0.289062 0.87 0.28125 0.869375 0.277344 0.86875 0.277344
2 0.46875 0.199219 0.470625 0.925781 0.47375 0.832031
2 0.865625 0.078125 0.865 0.242188 0.87 0.15625
2 0.776875 0.03125 0.786875 0.980469 0.79375 0.980469 0.789375 0.050781
2 0.42875 0.03125 0.43125 0.386719 0.433125 0.390625 0.4325 0.035156
2 0.73625 0.027344 0.744375 0.855469 0.74 0.027344
2 0.72375 0.023438 0.72625 0.296875 0.72875 0.316406 0.728125 0.027344
2 0.715 0.023438 0.71625 0.191406 0.72 0.3125 0.718125 0.023438
2 0.266875 0.011719 0.270625 0.414062 0.27 0.015625
3 0.411875 0.890625 0.418125 0.953125 0.43 0.945312 0.438125 0.917969 0.450625 0.964844 0.443125 0.984375 0.466875 0.984375 0.445625 0.746094 0.438125 0.742188 0.428125 0.769531 0.424375 0.832031 0.415625 0.847656
