0 0.240625 0.875 0.228125 0.890625 0.225625 0.996094 0.234375 0.996094 0.241875 0.976562
0 0.27125 0.84375 0.260625 0.863281 0.25875 0.988281 0.276875 0.980469
0 0.3025 0.535156 0.30375 0.710938 0.31625 0.71875 0.315 0.542969
0 0.211875 0.449219 0.219375 0.59375 0.23 0.59375 0.223125 0.449219
0 0.288125 0.410156 0.27625 0.425781 0.275 0.5 0.285625 0.5
0 0.300625 0.183594 0.3 0.34375 0.31375 0.351562 0.31375 0.183594
0 0.19625 0.148438 0.199375 0.234375 0.2075 0.226562 0.205625 0.144531
0 0.261875 0.003906 0.2325 0.015625 0.230625 0.105469 0.244375 0.167969 0.2575 0.140625 0.263125 0.101562
2 0.60625 0.28125 0.595 0.296875 0.59625 0.414062 0.614375 0.410156
2 0.684375 0.132812 0.685 0.199219 0.703125 0.226562 0.701875 0.144531
