0 0.196875 0.71875 0.179375 0.746094 0.18375 0.867188 0.196875 0.863281
0 0.16375 0.613281 0.15125 0.636719 0.15375 0.820312 0.165625 0.800781
0 0.153125 0.4375 0.13125 0.453125 0.13625 0.632812 0.151875 0.609375
0 0.226875 0.375 0.225 0.449219 0.235 0.449219 0.235 0.375
0 0.21 0.332031 0.21 0.460938 0.22 0.460938 0.223125 0.339844
0 0.1825 0.300781 0.1825 0.480469 0.194375 0.523438 0.204375 0.507812 0.2025 0.320312
0 0.1325 0.117188 0.133125 0.257812 0.14625 0.273438 0.145625 0.117188
2 0.245 0.925781 0.24375 0.996094 0.260625 0.996094 0.255625 0.933594
2 0.860625 0.871094 0.866875 0.996094 0.88375 0.996094 0.88375 0.902344
2 0.241875 0.722656 0.241875 0.804688 0.245 0.84375 0.25875 0.890625 0.27625 0.921875 0.2775 0.832031 0.27625 0.796875 0.2575 0.710938
2 0.245 0.46875 0.244375 0.574219 0.2575 0.578125 0.25625 0.46875
2 0.2475 0.25 0.24875 0.410156 0.25875 0.410156 0.265 0.265625
2 0.330625 0.1875 0.315 0.214844 0.319375 0.414062 0.333125 0.410156
