3 0.3675 0.886719 0.36625 0.875 0.36 0.875 0.336875 0.933594 0.34125 0.957031 0.346875 0.972656 0.35875 0.980469 0.36375 0.960938 0.368125 0.921875
3 0.051875 0.894531 0.046875 0.871094 0.04125 0.875 0.03625 0.914062 0.0325 0.984375 0.051875 0.996094 0.053125 0.988281 0.05375 0.917969
3 0.091875 0.640625 0.083125 0.675781 0.07875 0.980469 0.115625 0.992188 0.11875 0.90625 0.133125 0.804688 0.131875 0.742188 0.11 0.703125
3 0.8875 0.511719 0.880625 0.546875 0.874375 0.636719 0.865625 0.5625 0.861875 0.585938 0.864375 0.871094 0.870625 0.945312 0.88375 0.9375 0.888125 0.917969 0.891875 0.539062
3 0.1175 0.445312 0.12375 0.496094 0.12375 0.539062 0.14 0.558594 0.1575 0.511719 0.176875 0.625 0.189375 0.589844 0.193125 0.4375 0.19875 0.367188 0.19125 0.320312 0.150625 0.253906 0.13875 0.296875 0.13125 0.378906
3 0.880625 0.207031 0.8775 0.246094 0.88 0.320312 0.8825 0.347656 0.88125 0.390625 0.886875 0.417969 0.89125 0.417969 0.89625 0.398438 0.9 0.359375 0.896875 0.289062 0.889375 0.222656
3 0.925625 0.199219 0.923125 0.195312 0.905 0.257812 0.906875 0.300781 0.911875 0.335938 0.915625 0.335938 0.925 0.308594 0.9275 0.277344
3 0.735625 0.148438 0.72875 0.109375 0.684375 0.15625 0.68625 0.253906 0.693125 0.285156 0.7075 0.3125 0.72125 0.296875 0.72375 0.273438 0.723125 0.238281 0.725625 0.226562 0.735625 0.277344 0.73875 0.25
3 0.9575 0.089844 0.95 0.957031 0.97875 0.953125 0.97875 0.480469 0.964375 0.132812
3 0.36375 0.042969 0.36125 0.042969 0.355625 0.066406 0.3525 0.101562 0.355 0.125 0.35875 0.191406 0.36625 0.167969 0.364375 0.105469 0.365625 0.09375 0.37125 0.082031 0.37125 0.066406 0.37 0.058594
3 0.331875 0.046875 0.32875 0.589844 0.335 0.652344 0.32375 0.746094 0.325625 0.871094 0.34 0.875 0.351875 0.820312 0.3725 0.882812 0.378125 0.84375 0.3775 0.722656 0.370625 0.625 0.35375 0.636719 0.358125 0.425781 0.34125 0.332031 0.34125 0.054688
3 0.585625 0.140625 0.585625 0.015625 0.379375 0.023438 0.393125 0.121094 0.418125 0.136719 0.42875 0.097656 0.44125 0.183594 0.45875 0.15625 0.506875 0.230469 0.53125 0.195312 0.57375 0.226562
3 0.87375 0.132812 0.878125 0.175781 0.886875 0.148438 0.90125 0.027344 0.923125 0.097656 0.9475 0.097656 0.948125 0.019531 0.8825 0.011719
3 0.20375 0.125 0.21125 0.484375 0.19 0.691406 0.1975 0.796875 0.1925 0.992188 0.3375 0.988281 0.31375 0.734375 0.308125 0.449219 0.2975 0.394531 0.279375 0.433594 0.29875 0.355469 0.300625 0.015625 0.243125 0.007812
