0 0.2725 0.84375 0.274375 0.925781 0.289375 0.917969 0.285625 0.847656
0 0.964375 0.800781 0.95125 0.808594 0.94625 0.941406 0.9625 0.933594
0 0.921875 0.699219 0.904375 0.703125 0.898125 0.78125 0.92 0.804688
0 0.75625 0.640625 0.736875 0.65625 0.743125 0.75 0.7575 0.726562
0 0.26 0.59375 0.25125 0.621094 0.261875 0.734375 0.26625 0.65625 0.26125 0.597656
0 0.76 0.472656 0.71625 0.492188 0.720625 0.640625 0.735625 0.640625 0.761875 0.574219
0 0.89125 0.46875 0.87375 0.476562 0.8775 0.644531 0.896875 0.605469
0 0.294375 0.460938 0.291875 0.527344 0.304375 0.527344 0.305625 0.460938
0 0.79625 0.453125 0.783125 0.496094 0.783125 0.582031 0.801875 0.574219
0 0.94375 0.445312 0.940625 0.519531 0.953125 0.519531 0.9525 0.449219
0 0.904375 0.449219 0.905 0.632812 0.919375 0.628906 0.919375 0.515625 0.924375 0.578125 0.938125 0.578125 0.933125 0.484375 0.919375 0.496094 0.91875 0.445312
0 0.3125 0.355469 0.313125 0.449219 0.325625 0.449219 0.326875 0.355469
0 0.119375 0.339844 0.119375 0.429688 0.13 0.414062 0.13 0.34375
0 0.875625 0.335938 0.86125 0.335938 0.860625 0.472656 0.87375 0.433594
0 0.205 0.261719 0.1925 0.253906 0.1925 0.414062 0.2075 0.378906
0 0.08 0.21875 0.080625 0.359375 0.088125 0.367188 0.09 0.21875
0 0.96875 0.03125 0.95875 0.023438 0.96 0.210938 0.95 0.214844 0.953125 0.308594 0.960625 0.308594 0.961875 0.25 0.973125 0.234375
