0 0.325625 0.871094 0.325 0.996094 0.334375 0.996094 0.336875 0.875
0 0.28625 0.855469 0.276875 0.859375 0.275625 0.949219 0.288125 0.949219
0 0.83125 0.796875 0.835 0.886719 0.843125 0.875 0.841875 0.796875
0 0.405625 0.675781 0.385 0.691406 0.3875 0.90625 0.4 0.902344 0.399375 0.820312 0.408125 0.816406
0 0.32875 0.601562 0.33375 0.667969 0.344375 0.652344 0.344375 0.601562
0 0.025 0.496094 0.031875 0.625 0.040625 0.644531 0.040625 0.511719
0 0.259375 0.453125 0.264375 0.582031 0.27375 0.582031 0.2725 0.453125
0 0.8475 0.449219 0.844375 0.5 0.848125 0.574219 0.859375 0.589844 0.85625 0.488281
0 0.255625 0.101562 0.255 0.265625 0.271875 0.234375 0.271875 0.117188
0 0.86625 0.023438 0.8675 0.164062 0.86 0.203125 0.86125 0.34375 0.8775 0.347656 0.87625 0.023438
0 0.218125 0.003906 0.22 0.082031 0.229375 0.09375 0.228125 0.003906
