0 0.036875 0.808594 0.03375 0.917969 0.045625 0.921875 0.045 0.808594
0 0.425 0.679688 0.4125 0.691406 0.41375 0.835938 0.426875 0.835938
0 0.840625 0.601562 0.836875 0.660156 0.84125 0.738281 0.8525 0.796875 0.8675 0.90625 0.879375 0.917969 0.873125 0.742188 0.850625 0.601562
0 0.438125 0.53125 0.424375 0.597656 0.42875 0.730469 0.43375 0.753906 0.439375 0.753906 0.44625 0.714844 0.445625 0.632812
0 0.89375 0.519531 0.871875 0.539062 0.876875 0.714844 0.89875 0.71875
0 0.90125 0.328125 0.88625 0.34375 0.885 0.480469 0.9 0.480469
0 0.383125 0.183594 0.370625 0.203125 0.374375 0.28125 0.383125 0.277344
0 0.9125 0.136719 0.8975 0.160156 0.90125 0.289062 0.915 0.269531
0 0.2875 0.089844 0.2825 0.25 0.298125 0.242188 0.300625 0.089844
0 0.313125 0.078125 0.3075 0.175781 0.3125 0.261719 0.318125 0.300781 0.3225 0.289062 0.329375 0.320312 0.33375 0.382812 0.343125 0.378906 0.339375 0.175781
0 0.250625 0.039062 0.249375 0.242188 0.265625 0.246094 0.266875 0.050781
0 0.853125 0.023438 0.85125 0.203125 0.865625 0.203125 0.8675 0.042969
