2 0.19 0.496094 0.19 0.867188 0.21375 0.875 0.2075 0.496094
2 0.0125 0.414062 0.0 0.421875 0.000625 0.886719 0.015 0.886719
2 0.815625 0.394531 0.785 0.394531 0.785 0.871094 0.81875 0.804688
2 0.884375 0.371094 0.87875 0.882812 0.93875 0.886719 0.9325 0.371094
2 0.044375 0.363281 0.030625 0.378906 0.03625 0.613281 0.04625 0.601562
2 0.319375 0.339844 0.291875 0.351562 0.303125 0.90625 0.3275 0.898438
2 0.396875 0.910156 0.644375 0.941406 0.745 0.851562 0.7575 0.410156 0.40125 0.332031
2 0.37875 0.328125 0.3575 0.34375 0.365 0.617188 0.376875 0.589844
2 0.25625 0.324219 0.224375 0.410156 0.221875 0.621094 0.2575 0.609375
2 0.14125 0.324219 0.081875 0.355469 0.0875 0.988281 0.155625 0.878906
