2 0.11375 0.621094 0.115 0.976562 0.119375 0.976562 0.118125 0.621094
2 0.498125 0.167969 0.495 0.167969 0.491875 0.726562 0.509375 0.71875 0.51 0.496094 0.500625 0.464844
2 0.18875 0.070312 0.18375 0.40625 0.194375 0.40625 0.1975 0.070312
2 0.873125 0.03125 0.880625 0.894531 0.88875 0.894531 0.885 0.03125
2 0.57 0.007812 0.57125 0.332031 0.5775 0.332031 0.58125 0.007812
2 0.714375 0.003906 0.714375 0.285156 0.723125 0.28125 0.72375 0.003906
2 0.1225 0.003906 0.124375 0.8125 0.134375 0.8125 0.13375 0.003906
3 0.279375 0.757812 0.273125 0.753906 0.269375 0.796875 0.260625 0.84375 0.253125 0.859375 0.23625 0.933594 0.23625 0.976562 0.248125 0.996094 0.260625 0.945312 0.27125 0.949219 0.280625 0.929688 0.285 0.902344 0.279375 0.839844
3 0.09 0.453125 0.080625 0.476562 0.074375 0.53125 0.060625 0.734375 0.058125 0.976562 0.06125 0.996094 0.090625 0.996094 0.095625 0.523438
3 0.413125 0.101562 0.40625 0.253906 0.43375 0.75 0.48875 0.996094 0.51625 0.996094 0.475 0.578125 0.48625 0.59375 0.488125 0.394531 0.443125 0.34375 0.435 0.21875 0.49125 0.148438 0.515625 0.203125 0.52 0.105469 0.554375 0.089844 0.55375 0.023438 0.490625 0.0
3 0.09125 0.0 0.03 0.027344 0.015625 0.074219 0.003125 0.152344 0.000625 0.238281 0.009375 0.460938 0.04875 0.425781 0.055 0.382812 0.066875 0.449219 0.090625 0.34375 0.094375 0.226562 0.084375 0.171875 0.0875 0.0625 0.073125 0.003906
