2 0.864375 0.625 0.86375 0.660156 0.874375 0.675781 0.874375 0.996094 0.896875 0.996094 0.895 0.605469 0.885 0.597656
2 0.5525 0.652344 0.57 0.683594 0.635 0.679688 0.645 0.574219 0.55875 0.539062
2 0.48375 0.460938 0.50375 0.542969 0.539375 0.546875 0.548125 0.535156 0.550625 0.507812 0.54375 0.429688 0.52125 0.394531 0.488125 0.410156
2 0.2975 0.363281 0.300625 0.511719 0.316875 0.496094 0.31375 0.367188
2 0.398125 0.492188 0.39375 0.421875 0.379375 0.417969 0.368125 0.359375 0.380625 0.359375 0.38625 0.316406 0.35 0.351562 0.348125 0.421875
2 0.2775 0.128906 0.213125 0.164062 0.21 0.230469 0.2275 0.246094 0.24 0.210938 0.273125 0.195312
2 0.045625 0.054688 0.0325 0.074219 0.019375 0.058594 0.0 0.085938 0.00125 0.140625 0.02 0.113281 0.029375 0.144531 0.0475 0.132812
2 0.170625 0.039062 0.1375 0.050781 0.134375 0.105469 0.161875 0.097656
2 0.100625 0.09375 0.125 0.128906 0.130625 0.082031 0.13 0.070312 0.104375 0.039062
2 0.074375 0.058594 0.094375 0.070312 0.100625 0.042969 0.10125 0.007812 0.075 0.007812
2 0.409375 0.003906 0.411875 0.066406 0.445625 0.039062 0.445625 0.003906
2 0.34625 0.003906 0.27375 0.015625 0.2725 0.097656 0.33625 0.085938
2 0.17125 0.003906 0.1725 0.042969 0.176875 0.042969 0.175625 0.09375 0.19125 0.101562 0.1975 0.039062 0.18625 0.03125 0.1925 0.007812
