2 0.474375 0.523438 0.471875 0.996094 0.490625 0.996094 0.489375 0.527344
2 0.879375 0.382812 0.88 0.996094 0.894375 0.992188 0.89125 0.394531
2 0.829375 0.367188 0.830625 0.933594 0.840625 0.9375 0.840625 0.375
2 0.371875 0.332031 0.3725 0.996094 0.385625 0.996094 0.38375 0.339844
2 0.0425 0.320312 0.0425 0.996094 0.050625 0.996094 0.0475 0.320312
2 0.73125 0.011719 0.72 0.023438 0.721875 0.628906 0.729375 0.640625
2 0.930625 0.007812 0.9325 0.308594 0.9425 0.308594 0.931875 0.996094 0.985 0.996094 0.984375 0.449219 0.973125 0.425781 0.974375 0.007812 0.94625 0.007812 0.9425 0.308594 0.94 0.015625
2 0.54875 0.003906 0.539375 0.007812 0.54125 0.339844 0.5475 0.339844
2 0.439375 0.003906 0.44125 0.433594 0.44625 0.4375 0.448125 0.722656 0.463125 0.761719 0.46 0.003906
2 0.808125 0.003906 0.739375 0.003906 0.7425 0.605469 0.75 0.644531 0.753125 0.996094 0.77375 0.996094 0.776875 0.648438 0.806875 0.671875
2 0.396875 0.0 0.405 0.003906 0.398125 0.007812 0.39625 0.996094 0.40625 0.996094 0.41125 0.003906
2 0.0675 0.003906 0.073125 0.246094 0.08 0.003906 0.076875 0.996094 0.140625 0.996094 0.144375 0.003906
