3 0.764375 0.75 0.761875 0.765625 0.76125 0.789062 0.76625 0.859375 0.776875 0.945312 0.781875 0.949219 0.7825 0.890625 0.78 0.828125 0.77625 0.777344 0.76875 0.75
3 0.23 0.617188 0.220625 0.644531 0.220625 0.671875 0.225 0.707031 0.229375 0.707031 0.230625 0.679688 0.231875 0.667969 0.2325 0.648438
3 0.53625 0.460938 0.554375 0.550781 0.56125 0.640625 0.569375 0.65625 0.586875 0.632812 0.5925 0.605469 0.5875 0.488281 0.579375 0.488281 0.5675 0.410156 0.5425 0.425781
3 0.869375 0.601562 0.86375 0.695312 0.878125 0.792969 0.894375 0.792969 0.906875 0.726562 0.91375 0.753906 0.909375 0.796875 0.91375 0.988281 0.975 0.996094 0.970625 0.925781 0.955625 0.890625 0.953125 0.789062 0.940625 0.742188 0.940625 0.554688 0.92125 0.351562 0.910625 0.386719 0.89875 0.511719 0.91375 0.550781 0.91 0.582031
3 0.654375 0.1875 0.65375 0.242188 0.648125 0.324219 0.648125 0.488281 0.653125 0.550781 0.689375 0.542969 0.69 0.480469 0.68625 0.421875 0.675625 0.359375 0.675625 0.292969
3 0.74125 0.011719 0.735 0.09375 0.738125 0.246094 0.745 0.359375 0.7525 0.386719 0.758125 0.347656 0.761875 0.289062 0.76 0.164062 0.75 0.011719
3 0.8075 0.128906 0.8175 0.21875 0.824375 0.140625 0.850625 0.101562 0.865625 0.1875 0.893125 0.152344 0.91375 0.191406 0.925 0.054688 0.90875 0.011719 0.8825 0.039062 0.87 0.003906 0.81125 0.007812
3 0.555625 0.015625 0.551875 0.046875 0.5575 0.121094 0.554375 0.167969 0.56125 0.242188 0.585625 0.292969 0.58875 0.273438 0.589375 0.203125 0.585 0.128906 0.589375 0.125 0.591875 0.011719
3 0.465625 0.003906 0.46 0.035156 0.46375 0.164062 0.474375 0.273438 0.48625 0.351562 0.503125 0.332031 0.50625 0.292969 0.4925 0.183594 0.485 0.089844 0.4875 0.070312 0.48125 0.007812
3 0.926875 0.0 0.975 0.003906 0.955625 0.023438 0.945625 0.101562 0.958125 0.132812 0.980625 0.101562 0.984375 0.195312 0.949375 0.234375 0.948125 0.289062 0.96125 0.535156 0.994375 0.5625 0.999375 0.003906
