2 0.72 0.601562 0.725625 0.996094 0.740625 0.996094 0.734375 0.59375
2 0.496875 0.523438 0.4875 0.535156 0.484375 0.925781 0.4975 0.925781
2 0.79375 0.507812 0.780625 0.511719 0.7825 0.988281 0.7925 0.984375
2 0.5 0.132812 0.5025 0.4375 0.53 0.4375 0.525 0.132812
2 0.799375 0.046875 0.785 0.039062 0.785 0.285156 0.8 0.265625
2 0.426875 0.023438 0.429375 0.402344 0.443125 0.390625 0.439375 0.023438
2 0.3775 0.007812 0.35125 0.015625 0.3625 0.863281 0.37375 0.835938 0.383125 0.71875
2 0.305625 0.011719 0.27875 0.007812 0.281875 0.847656 0.2925 0.828125 0.295 0.425781 0.30125 0.421875
2 0.591875 0.003906 0.59375 0.761719 0.63875 0.726562 0.633125 0.007812
2 0.31625 0.003906 0.325 0.328125 0.336875 0.3125 0.335625 0.003906
