0 0.728125 0.894531 0.728125 0.980469 0.7375 0.996094 0.7375 0.894531
0 0.7175 0.839844 0.706875 0.84375 0.70625 0.914062 0.715625 0.914062
0 0.2775 0.714844 0.275625 0.804688 0.288125 0.804688 0.285625 0.714844
0 0.11375 0.628906 0.096875 0.640625 0.101875 0.777344 0.110625 0.765625 0.110625 0.710938
0 0.265 0.613281 0.255625 0.648438 0.2575 0.714844 0.25875 0.71875 0.260625 0.710938 0.26375 0.683594
0 0.2375 0.523438 0.2375 0.625 0.25125 0.625 0.25125 0.527344
0 0.29 0.410156 0.288125 0.558594 0.30125 0.558594 0.3 0.414062
0 0.36375 0.402344 0.361875 0.503906 0.375625 0.488281 0.37625 0.410156
0 0.320625 0.394531 0.308125 0.40625 0.31125 0.511719 0.323125 0.515625
0 0.328125 0.105469 0.32875 0.179688 0.339375 0.179688 0.34 0.113281
0 0.35875 0.066406 0.361875 0.175781 0.371875 0.167969 0.37375 0.085938
0 0.22 0.003906 0.20125 0.003906 0.198125 0.203125 0.2075 0.207031 0.220625 0.09375
0 0.1675 0.007812 0.168125 0.066406 0.18 0.078125 0.181875 0.003906
2 0.62625 0.25 0.62625 0.335938 0.64875 0.332031 0.644375 0.257812
2 0.678125 0.222656 0.66375 0.269531 0.661875 0.367188 0.666875 0.347656 0.67375 0.339844
2 0.68 0.132812 0.659375 0.171875 0.66 0.234375 0.675 0.214844 0.675625 0.183594
