2 0.468125 0.769531 0.465625 0.996094 0.48 0.996094 0.479375 0.769531
2 0.17375 0.710938 0.17125 0.996094 0.2 0.996094 0.200625 0.722656
2 0.13875 0.695312 0.086875 0.707031 0.0875 0.992188 0.13875 0.996094
2 0.205625 0.707031 0.27 0.996094 0.268125 0.761719 0.234375 0.726562 0.2125 0.679688
2 0.166875 0.679688 0.145625 0.699219 0.145 0.988281 0.1675 0.996094
2 0.473125 0.304688 0.458125 0.316406 0.455625 0.636719 0.47125 0.601562
2 0.175625 0.269531 0.169375 0.628906 0.196875 0.628906 0.19875 0.289062
2 0.161875 0.289062 0.1425 0.261719 0.08375 0.273438 0.0875 0.632812 0.161875 0.636719
2 0.001875 0.246094 0.0 0.996094 0.01625 0.996094 0.021875 0.929688 0.02875 0.9375 0.0325 0.996094 0.0475 0.996094 0.049375 0.296875
2 0.30125 0.289062 0.266875 0.289062 0.26625 0.21875 0.249375 0.222656 0.245625 0.265625 0.243125 0.636719 0.264375 0.644531 0.265625 0.433594 0.300625 0.441406
2 0.21125 0.097656 0.2075 0.660156 0.230625 0.664062 0.226875 0.097656
