2 0.240625 0.773438 0.229375 0.785156 0.228125 0.9375 0.24 0.90625
2 0.17 0.773438 0.16 0.90625 0.174375 0.976562 0.184375 0.933594 0.184375 0.789062
2 0.108125 0.617188 0.084375 0.710938 0.08375 0.996094 0.109375 0.996094 0.11875 0.980469
2 0.726875 0.578125 0.715625 0.585938 0.695 0.996094 0.709375 0.984375
2 0.153125 0.53125 0.141875 0.542969 0.14125 0.855469 0.150625 0.855469
2 0.200625 0.085938 0.189375 0.085938 0.18375 0.378906 0.19375 0.378906
2 0.826875 0.042969 0.820625 0.246094 0.826875 0.25 0.829375 0.390625 0.83875 0.390625 0.835 0.042969
2 0.61125 0.003906 0.599375 0.007812 0.595 0.125 0.604375 0.144531 0.60875 0.074219
2 0.58 0.003906 0.579375 0.125 0.59 0.117188 0.593125 0.003906
2 0.1725 0.003906 0.08 0.007812 0.08625 0.527344 0.09375 0.511719 0.100625 0.417969 0.126875 0.398438 0.13625 0.453125 0.145 0.453125 0.17 0.390625 0.175 0.335938
2 0.05875 0.003906 0.04875 0.003906 0.05 0.457031 0.061875 0.449219
3 0.6325 0.234375 0.6425 0.292969 0.674375 0.230469 0.693125 0.042969 0.690625 0.007812 0.6375 0.007812 0.635 0.050781 0.644375 0.085938 0.670625 0.121094 0.635 0.183594
3 0.718125 0.03125 0.72 0.09375 0.765 0.164062 0.718125 0.1875 0.7225 0.28125 0.75 0.324219 0.766875 0.660156 0.80875 0.734375 0.820625 0.625 0.80125 0.546875 0.813125 0.5625 0.818125 0.421875 0.7875 0.28125 0.789375 0.238281 0.805 0.265625 0.808125 0.191406 0.7975 0.105469 0.780625 0.085938 0.793125 0.003906
