2 0.476875 0.996094 0.513125 0.996094 0.51125 0.96875 0.48625 0.9375
2 0.294375 0.984375 0.34125 0.996094 0.34375 0.90625 0.3075 0.894531
2 0.4 0.996094 0.449375 0.996094 0.454375 0.929688 0.46125 0.902344 0.463125 0.851562 0.415 0.824219 0.401875 0.90625
2 0.64125 0.917969 0.68 0.984375 0.6875 0.851562 0.6525 0.808594
2 0.586875 0.792969 0.584375 0.996094 0.603125 0.996094 0.604375 0.984375 0.61125 0.984375 0.61375 0.839844 0.60875 0.804688
2 0.288125 0.835938 0.336875 0.871094 0.344375 0.78125 0.315 0.742188 0.299375 0.738281
2 0.399375 0.765625 0.4275 0.8125 0.435 0.777344 0.425 0.695312 0.410625 0.683594 0.4075 0.6875
2 0.920625 0.886719 0.915625 0.839844 0.903125 0.835938 0.900625 0.742188 0.87875 0.734375 0.873125 0.632812 0.85375 0.660156 0.84625 0.804688 0.83875 0.839844 0.8 0.871094 0.8025 0.910156 0.815625 0.949219 0.821875 0.933594 0.835625 0.996094 0.880625 0.996094 0.890625 0.867188 0.90375 0.925781 0.91625 0.925781
2 0.3075 0.652344 0.33125 0.703125 0.34125 0.625 0.316875 0.59375
2 0.303125 0.273438 0.2975 0.375 0.32 0.414062 0.3225 0.34375 0.316875 0.28125
2 0.315 0.109375 0.30875 0.179688 0.32625 0.226562 0.3275 0.136719
2 0.383125 0.054688 0.38625 0.09375 0.3975 0.121094 0.406875 0.082031 0.41 0.054688 0.396875 0.015625
2 0.6275 0.105469 0.64625 0.125 0.64875 0.066406 0.66 0.003906 0.62875 0.003906
2 0.8375 0.0 0.849375 0.003906 0.83625 0.011719 0.8475 0.132812 0.86875 0.15625 0.871875 0.101562 0.853125 0.003906 0.876875 0.0
2 0.411875 0.0 0.418125 0.003906 0.416875 0.082031 0.42625 0.148438 0.420625 0.175781 0.420625 0.25 0.444375 0.269531 0.4725 0.210938 0.47 0.144531 0.495625 0.089844 0.4975 0.050781 0.47375 0.035156 0.47125 0.003906
