0 0.136875 0.816406 0.12125 0.839844 0.125625 0.949219 0.1375 0.921875
0 0.121875 0.578125 0.118125 0.578125 0.110625 0.601562 0.11375 0.734375 0.12125 0.730469
0 0.175625 0.535156 0.165 0.558594 0.16375 0.648438 0.17625 0.652344
0 0.7575 0.429688 0.759375 0.539062 0.771875 0.539062 0.7725 0.429688
0 0.233125 0.375 0.23375 0.503906 0.243125 0.5 0.241875 0.375
0 0.13 0.246094 0.116875 0.257812 0.11875 0.425781 0.13 0.421875
0 0.235 0.214844 0.221875 0.242188 0.225625 0.34375 0.206875 0.410156 0.20875 0.578125 0.225625 0.585938 0.225625 0.355469 0.2325 0.335938
0 0.105625 0.210938 0.090625 0.234375 0.088125 0.355469 0.10625 0.371094
0 0.140625 0.203125 0.140625 0.328125 0.151875 0.328125 0.153125 0.207031
0 0.10625 0.003906 0.11125 0.160156 0.120625 0.152344 0.12 0.003906
