0 0.36875 0.863281 0.358125 0.902344 0.358125 0.996094 0.37125 0.996094
0 0.421875 0.855469 0.411875 0.863281 0.411875 0.996094 0.421875 0.996094
0 0.298125 0.644531 0.2875 0.652344 0.28875 0.75 0.3 0.738281
0 0.10375 0.519531 0.114375 0.773438 0.129375 0.773438 0.125625 0.527344
0 0.38625 0.464844 0.38875 0.625 0.403125 0.625 0.4 0.464844
0 0.4225 0.328125 0.42375 0.441406 0.439375 0.421875 0.433125 0.328125
0 0.37625 0.285156 0.364375 0.304688 0.364375 0.515625 0.38 0.515625
0 0.140625 0.109375 0.14375 0.230469 0.15 0.230469 0.15 0.113281
0 0.315 0.105469 0.321875 0.320312 0.34125 0.339844 0.336875 0.160156
0 0.119375 0.007812 0.1225 0.183594 0.135 0.1875 0.130625 0.015625
2 0.375625 0.890625 0.379375 0.996094 0.40125 0.996094 0.401875 0.890625
2 0.46125 0.996094 0.4825 0.996094 0.491875 0.917969 0.464375 0.886719
2 0.243125 0.546875 0.25 0.71875 0.260625 0.683594 0.2575 0.554688
2 0.318125 0.417969 0.300625 0.421875 0.30125 0.601562 0.31375 0.570312
