0 0.04375 0.949219 0.04375 0.972656 0.044375 0.976562 0.044375 0.996094 0.05125 0.996094 0.05125 0.949219
0 0.096875 0.878906 0.104375 0.996094 0.116875 0.996094 0.11 0.882812
0 0.42625 0.875 0.41375 0.878906 0.4125 0.996094 0.42625 0.996094
0 0.86625 0.84375 0.851875 0.878906 0.853125 0.984375 0.86875 0.941406
0 0.114375 0.742188 0.11125 0.863281 0.123125 0.878906 0.125625 0.75
0 0.219375 0.457031 0.21875 0.5625 0.229375 0.5625 0.228125 0.457031
0 0.2925 0.351562 0.28125 0.355469 0.2825 0.621094 0.29 0.621094
0 0.08125 0.3125 0.079375 0.449219 0.070625 0.507812 0.07375 0.570312 0.08625 0.59375 0.104375 0.59375 0.094375 0.308594
0 0.12375 0.207031 0.128125 0.347656 0.136875 0.34375 0.138125 0.207031
0 0.355 0.175781 0.35625 0.183594 0.35125 0.332031 0.365 0.34375 0.365 0.175781
0 0.35125 0.09375 0.340625 0.09375 0.3375 0.269531 0.349375 0.25
0 0.354375 0.003906 0.338125 0.019531 0.338125 0.042969 0.3525 0.082031
