2 0.169375 0.800781 0.17 0.996094 0.1775 0.992188 0.1775 0.800781
2 0.44625 0.796875 0.45 0.957031 0.4575 0.945312 0.455 0.800781
2 0.619375 0.785156 0.621875 0.957031 0.63625 0.957031 0.634375 0.785156
2 0.246875 0.773438 0.24625 0.917969 0.265625 0.941406 0.264375 0.792969
2 0.368125 0.769531 0.369375 0.949219 0.378125 0.9375 0.3775 0.78125
2 0.28875 0.765625 0.29 0.917969 0.299375 0.917969 0.2975 0.765625
2 0.471875 0.753906 0.474375 0.996094 0.4825 0.976562 0.48125 0.761719
2 0.14125 0.730469 0.129375 0.722656 0.128125 0.945312 0.13875 0.9375
2 0.400625 0.71875 0.39875 0.917969 0.435625 0.929688 0.435 0.738281
2 0.19 0.71875 0.191875 0.882812 0.2 0.878906 0.1975 0.71875
2 0.0525 0.714844 0.051875 0.992188 0.066875 0.992188 0.065 0.757812
2 0.320625 0.6875 0.3125 0.6875 0.315625 0.945312 0.3225 0.933594
