0 0.403125 0.878906 0.4025 0.996094 0.4175 0.996094 0.415625 0.878906
0 0.153125 0.800781 0.15125 0.996094 0.164375 0.996094 0.165625 0.816406
0 0.6725 0.625 0.675625 0.726562 0.68875 0.726562 0.690625 0.625
0 0.383125 0.496094 0.3875 0.636719 0.400625 0.640625 0.394375 0.476562
0 0.131875 0.40625 0.115625 0.441406 0.111875 0.597656 0.128125 0.574219
0 0.1875 0.390625 0.17375 0.394531 0.173125 0.566406 0.18625 0.566406
0 0.080625 0.132812 0.080625 0.265625 0.091875 0.261719 0.094375 0.140625
0 0.365625 0.109375 0.3675 0.195312 0.37625 0.195312 0.374375 0.113281
0 0.1375 0.089844 0.12375 0.09375 0.120625 0.207031 0.13625 0.207031
0 0.166875 0.007812 0.166875 0.082031 0.184375 0.09375 0.18625 0.007812
