2 0.164375 0.574219 0.160625 0.585938 0.159375 0.773438 0.16375 0.773438
2 0.0525 0.542969 0.054375 0.871094 0.056875 0.871094 0.0575 0.550781
2 0.2025 0.265625 0.204375 0.644531 0.20625 0.613281 0.206875 0.296875
2 0.2675 0.023438 0.263125 0.023438 0.263125 0.28125 0.26875 0.265625
2 0.300625 0.019531 0.2975 0.332031 0.305625 0.394531 0.30875 0.019531
3 0.765625 0.9375 0.764375 0.945312 0.764375 0.949219 0.76125 0.96875 0.76125 0.972656 0.759375 0.984375 0.761875 0.984375 0.7625 0.980469 0.7625 0.976562 0.76375 0.96875 0.76375 0.964844 0.765 0.953125 0.765 0.945312 0.765625 0.941406
3 0.7 0.675781 0.715 0.703125 0.719375 0.726562 0.728125 0.726562 0.73 0.765625 0.740625 0.757812 0.746875 0.773438 0.75 0.765625 0.735625 0.726562 0.729375 0.675781
3 0.748125 0.589844 0.748125 0.59375 0.746875 0.601562 0.7475 0.597656 0.748125 0.597656
3 0.646875 0.601562 0.67125 0.804688 0.6975 0.828125 0.69125 0.882812 0.715625 0.996094 0.755 0.992188 0.768125 0.78125 0.7475 0.878906 0.685 0.65625 0.738125 0.625 0.748125 0.550781 0.690625 0.574219 0.720625 0.507812 0.723125 0.441406 0.725 0.523438 0.74875 0.542969 0.733125 0.5 0.728125 0.386719 0.699375 0.386719 0.69875 0.449219 0.723125 0.449219
3 0.618125 0.210938 0.63125 0.34375 0.645 0.285156 0.665625 0.34375 0.734375 0.265625 0.755 0.292969 0.7625 0.1875 0.743125 0.019531 0.6275 0.007812 0.739375 0.171875 0.674375 0.261719 0.65125 0.214844 0.654375 0.164062
