2 0.015625 0.515625 0.014375 0.601562 0.003125 0.644531 0.001875 0.996094 0.06875 0.996094 0.060625 0.769531 0.04 0.644531 0.04375 0.527344
2 0.2225 0.503906 0.208125 0.511719 0.210625 0.996094 0.220625 0.996094
2 0.4975 0.375 0.485 0.410156 0.485 0.996094 0.498125 0.996094 0.500625 0.703125
2 0.754375 0.007812 0.754375 0.996094 0.76125 0.996094 0.76375 0.015625
2 0.85375 0.003906 0.8575 0.539062 0.868125 0.542969 0.868125 0.003906
2 0.824375 0.003906 0.77 0.007812 0.76875 0.566406 0.83 0.523438
2 0.643125 0.003906 0.64375 0.582031 0.65625 0.582031 0.655625 0.003906
2 0.135 0.003906 0.1425 0.671875 0.161875 0.671875 0.15875 0.003906
2 0.538125 0.003906 0.54375 0.996094 0.575625 0.996094 0.570625 0.003906 0.57625 0.0
2 0.520625 0.0 0.52 0.996094 0.533125 0.996094 0.53 0.0
2 0.254375 0.0 0.3775 0.015625 0.363125 0.40625 0.3475 0.285156 0.31375 0.394531 0.30125 0.023438 0.259375 0.445312 0.25375 0.996094 0.46 0.996094 0.461875 0.003906
