0 0.11875 0.933594 0.118125 0.996094 0.126875 0.992188 0.12625 0.933594
0 0.151875 0.878906 0.153125 0.902344 0.151875 0.949219 0.163125 0.957031 0.16375 0.875
0 0.25125 0.640625 0.238125 0.6875 0.24 0.800781 0.254375 0.804688
0 0.228125 0.625 0.211875 0.640625 0.21375 0.730469 0.228125 0.730469
0 0.15125 0.59375 0.1525 0.773438 0.1675 0.816406 0.1675 0.964844 0.180625 0.964844 0.1775 0.789062 0.166875 0.8125 0.17 0.589844
0 0.2425 0.417969 0.243125 0.507812 0.263125 0.527344 0.261875 0.425781
0 0.113125 0.359375 0.114375 0.617188 0.13875 0.617188 0.14 0.367188
0 0.245 0.265625 0.22625 0.269531 0.225625 0.402344 0.243125 0.398438
0 0.236875 0.101562 0.21 0.136719 0.209375 0.273438 0.235 0.242188
0 0.20125 0.089844 0.1825 0.117188 0.178125 0.257812 0.19375 0.371094 0.19625 0.457031 0.178125 0.496094 0.18375 0.726562 0.196875 0.757812 0.188125 0.480469 0.19625 0.460938 0.200625 0.519531 0.2175 0.539062 0.215 0.441406 0.205625 0.414062
0 0.114375 0.03125 0.11375 0.171875 0.125 0.179688 0.12625 0.027344
0 0.205 0.003906 0.205625 0.113281 0.21875 0.113281 0.2225 0.003906
0 0.085 0.003906 0.069375 0.007812 0.066875 0.175781 0.075625 0.175781
